-1.500000e+00    -5.500000e+00    7.468777e-11    7.288804e-11
-5.000000e-01    -5.500000e+00    1.003174e-10    1.216005e-10
5.000000e-01    -5.500000e+00    7.952786e-11    1.245659e-10
1.500000e+00    -5.500000e+00    3.494886e-11    7.793211e-11
-3.500000e+00    -4.500000e+00    9.799035e-11    5.738714e-11
-2.500000e+00    -4.500000e+00    2.490121e-10    1.698798e-10
-1.500000e+00    -4.500000e+00    3.092258e-10    2.507693e-10
-5.000000e-01    -4.500000e+00    2.961278e-10    2.957328e-10
5.000000e-01    -4.500000e+00    2.321579e-10    3.015148e-10
1.500000e+00    -4.500000e+00    1.442931e-10    2.662827e-10
2.500000e+00    -4.500000e+00    5.867369e-11    1.885483e-10
3.500000e+00    -4.500000e+00    5.181993e-12    6.752122e-11
-4.500000e+00    -3.500000e+00    1.089396e-10    4.477514e-11
-3.500000e+00    -3.500000e+00    3.433875e-10    1.584104e-10
-2.500000e+00    -3.500000e+00    4.693633e-10    2.504838e-10
-1.500000e+00    -3.500000e+00    4.998719e-10    3.174475e-10
-5.000000e-01    -3.500000e+00    4.539536e-10    3.541192e-10
5.000000e-01    -3.500000e+00    3.556564e-10    3.605866e-10
1.500000e+00    -3.500000e+00    2.313295e-10    3.342397e-10
2.500000e+00    -3.500000e+00    1.088625e-10    2.749896e-10
3.500000e+00    -3.500000e+00    1.764914e-11    1.817186e-10
4.500000e+00    -3.500000e+00    -1.040970e-11    5.311168e-11
-4.500000e+00    -2.500000e+00    3.116630e-10    9.063551e-11
-3.500000e+00    -2.500000e+00    5.305883e-10    1.758147e-10
-2.500000e+00    -2.500000e+00    6.372289e-10    2.433923e-10
-1.500000e+00    -2.500000e+00    6.442456e-10    2.920806e-10
-5.000000e-01    -2.500000e+00    5.720462e-10    3.195432e-10
5.000000e-01    -2.500000e+00    4.480561e-10    3.234727e-10
1.500000e+00    -2.500000e+00    2.976401e-10    3.057015e-10
2.500000e+00    -2.500000e+00    1.474845e-10    2.645310e-10
3.500000e+00    -2.500000e+00    2.778074e-11    1.988553e-10
4.500000e+00    -2.500000e+00    -2.984454e-11    1.083026e-10
-5.500000e+00    -1.500000e+00    1.171792e-10    1.881634e-11
-4.500000e+00    -1.500000e+00    4.488960e-10    7.847966e-11
-3.500000e+00    -1.500000e+00    6.570616e-10    1.309826e-10
-2.500000e+00    -1.500000e+00    7.487344e-10    1.730723e-10
-1.500000e+00    -1.500000e+00    7.394031e-10    2.018274e-10
-5.000000e-01    -1.500000e+00    6.508110e-10    2.180341e-10
5.000000e-01    -1.500000e+00    5.093038e-10    2.208479e-10
1.500000e+00    -1.500000e+00    3.408922e-10    2.093994e-10
2.500000e+00    -1.500000e+00    1.738982e-10    1.855695e-10
3.500000e+00    -1.500000e+00    3.556327e-11    1.468428e-10
4.500000e+00    -1.500000e+00    -4.286693e-11    9.314687e-11
5.500000e+00    -1.500000e+00    -2.663567e-11    2.302290e-11
-5.500000e+00    -5.000000e-01    1.905093e-10    9.498866e-12
-4.500000e+00    -5.000000e-01    5.181440e-10    3.060167e-11
-3.500000e+00    -5.000000e-01    7.204666e-10    4.810899e-11
-2.500000e+00    -5.000000e-01    8.048578e-10    6.249444e-11
-1.500000e+00    -5.000000e-01    7.869885e-10    7.210841e-11
-5.000000e-01    -5.000000e-01    6.901722e-10    7.769134e-11
5.000000e-01    -5.000000e-01    5.392804e-10    7.819920e-11
1.500000e+00    -5.000000e-01    3.627775e-10    7.442930e-11
2.500000e+00    -5.000000e-01    1.865373e-10    6.596330e-11
3.500000e+00    -5.000000e-01    3.928526e-11    5.397743e-11
4.500000e+00    -5.000000e-01    -4.902322e-11    3.581980e-11
5.500000e+00    -5.000000e-01    -4.328124e-11    1.210820e-11
-5.500000e+00    5.000000e-01    1.906549e-10    -9.343173e-12
-4.500000e+00    5.000000e-01    5.180431e-10    -3.005132e-11
-3.500000e+00    5.000000e-01    7.205512e-10    -4.736527e-11
-2.500000e+00    5.000000e-01    8.047775e-10    -6.163389e-11
-1.500000e+00    5.000000e-01    7.869390e-10    -7.167903e-11
-5.000000e-01    5.000000e-01    6.900606e-10    -7.737939e-11
5.000000e-01    5.000000e-01    5.395494e-10    -7.857016e-11
1.500000e+00    5.000000e-01    3.632394e-10    -7.441367e-11
2.500000e+00    5.000000e-01    1.866278e-10    -6.629929e-11
3.500000e+00    5.000000e-01    3.890071e-11    -5.316118e-11
4.500000e+00    5.000000e-01    -4.942388e-11    -3.553666e-11
5.500000e+00    5.000000e-01    -4.311733e-11    -1.207444e-11
-5.500000e+00    1.500000e+00    1.169194e-10    -1.853067e-11
-4.500000e+00    1.500000e+00    4.486311e-10    -7.830252e-11
-3.500000e+00    1.500000e+00    6.568091e-10    -1.309635e-10
-2.500000e+00    1.500000e+00    7.482623e-10    -1.724101e-10
-1.500000e+00    1.500000e+00    7.389895e-10    -2.019957e-10
-5.000000e-01    1.500000e+00    6.503982e-10    -2.187060e-10
5.000000e-01    1.500000e+00    5.093549e-10    -2.210966e-10
1.500000e+00    1.500000e+00    3.417151e-10    -2.099826e-10
2.500000e+00    1.500000e+00    1.734649e-10    -1.865427e-10
3.500000e+00    1.500000e+00    3.531556e-11    -1.472492e-10
4.500000e+00    1.500000e+00    -4.283974e-11    -9.310613e-11
5.500000e+00    1.500000e+00    -2.650152e-11    -2.306208e-11
-4.500000e+00    2.500000e+00    3.112862e-10    -9.020028e-11
-3.500000e+00    2.500000e+00    5.304395e-10    -1.752692e-10
-2.500000e+00    2.500000e+00    6.364469e-10    -2.434892e-10
-1.500000e+00    2.500000e+00    6.425597e-10    -2.927633e-10
-5.000000e-01    2.500000e+00    5.719221e-10    -3.199484e-10
5.000000e-01    2.500000e+00    4.474440e-10    -3.249214e-10
1.500000e+00    2.500000e+00    2.979681e-10    -3.066463e-10
2.500000e+00    2.500000e+00    1.471123e-10    -2.652590e-10
3.500000e+00    2.500000e+00    2.770830e-11    -1.995274e-10
4.500000e+00    2.500000e+00    -2.989667e-11    -1.080984e-10
-4.500000e+00    3.500000e+00    1.089924e-10    -4.483441e-11
-3.500000e+00    3.500000e+00    3.434542e-10    -1.584594e-10
-2.500000e+00    3.500000e+00    4.687575e-10    -2.504951e-10
-1.500000e+00    3.500000e+00    4.988564e-10    -3.175420e-10
-5.000000e-01    3.500000e+00    4.532630e-10    -3.548964e-10
5.000000e-01    3.500000e+00    3.554286e-10    -3.607251e-10
1.500000e+00    3.500000e+00    2.316524e-10    -3.348090e-10
2.500000e+00    3.500000e+00    1.089990e-10    -2.753415e-10
3.500000e+00    3.500000e+00    1.760934e-11    -1.822469e-10
4.500000e+00    3.500000e+00    -1.061177e-11    -5.295590e-11
-3.500000e+00    4.500000e+00    9.790097e-11    -5.748295e-11
-2.500000e+00    4.500000e+00    2.484030e-10    -1.699659e-10
-1.500000e+00    4.500000e+00    3.085186e-10    -2.516221e-10
-5.000000e-01    4.500000e+00    2.954725e-10    -2.960694e-10
5.000000e-01    4.500000e+00    2.322457e-10    -3.021206e-10
1.500000e+00    4.500000e+00    1.439090e-10    -2.666458e-10
2.500000e+00    4.500000e+00    5.855907e-11    -1.889424e-10
3.500000e+00    4.500000e+00    5.424700e-12    -6.629163e-11
-1.500000e+00    5.500000e+00    7.460124e-11    -7.321789e-11
-5.000000e-01    5.500000e+00    1.001846e-10    -1.217466e-10
5.000000e-01    5.500000e+00    7.935430e-11    -1.245737e-10
1.500000e+00    5.500000e+00    3.474261e-11    -7.782298e-11
