-2.500000e+00    -8.500000e+00    -9.587012e-11    -1.091015e-10
-1.500000e+00    -8.500000e+00    -1.495370e-10    -1.932822e-10
-5.000000e-01    -8.500000e+00    -1.584667e-10    -2.346506e-10
5.000000e-01    -8.500000e+00    -1.348874e-10    -2.358637e-10
1.500000e+00    -8.500000e+00    -9.267443e-11    -1.992777e-10
2.500000e+00    -8.500000e+00    -4.113651e-11    -1.179530e-10
-4.500000e+00    -7.500000e+00    -1.600788e-10    -1.287605e-10
-3.500000e+00    -7.500000e+00    -3.022749e-10    -2.656382e-10
-2.500000e+00    -7.500000e+00    -3.699966e-10    -3.573065e-10
-1.500000e+00    -7.500000e+00    -3.821587e-10    -4.084742e-10
-5.000000e-01    -7.500000e+00    -3.533738e-10    -4.218344e-10
5.000000e-01    -7.500000e+00    -3.015685e-10    -4.111911e-10
1.500000e+00    -7.500000e+00    -2.382380e-10    -3.815774e-10
2.500000e+00    -7.500000e+00    -1.652617e-10    -3.377465e-10
3.500000e+00    -7.500000e+00    -9.042091e-11    -2.667618e-10
4.500000e+00    -7.500000e+00    -2.603855e-11    -1.438760e-10
-5.500000e+00    -6.500000e+00    -2.660384e-10    -1.678573e-10
-4.500000e+00    -6.500000e+00    -4.503847e-10    -3.064999e-10
-3.500000e+00    -6.500000e+00    -5.419065e-10    -3.987580e-10
-2.500000e+00    -6.500000e+00    -5.558422e-10    -4.370131e-10
-1.500000e+00    -6.500000e+00    -5.174001e-10    -4.299579e-10
-5.000000e-01    -6.500000e+00    -4.525260e-10    -3.872942e-10
5.000000e-01    -6.500000e+00    -3.818390e-10    -3.363975e-10
1.500000e+00    -6.500000e+00    -3.188167e-10    -3.040168e-10
2.500000e+00    -6.500000e+00    -2.562166e-10    -2.943962e-10
3.500000e+00    -6.500000e+00    -1.841339e-10    -2.902720e-10
4.500000e+00    -6.500000e+00    -9.862050e-11    -2.693533e-10
5.500000e+00    -6.500000e+00    -2.157394e-11    -1.806273e-10
-6.500000e+00    -5.500000e+00    -2.862263e-10    -1.398558e-10
-5.500000e+00    -5.500000e+00    -5.317283e-10    -2.788818e-10
-4.500000e+00    -5.500000e+00    -6.623359e-10    -3.702758e-10
-3.500000e+00    -5.500000e+00    -6.871409e-10    -4.025733e-10
-2.500000e+00    -5.500000e+00    -6.293727e-10    -3.730414e-10
-1.500000e+00    -5.500000e+00    -5.230348e-10    -2.861458e-10
-5.000000e-01    -5.500000e+00    -4.161380e-10    -1.706227e-10
5.000000e-01    -5.500000e+00    -3.366851e-10    -6.124358e-11
1.500000e+00    -5.500000e+00    -2.990145e-10    -1.019723e-11
2.500000e+00    -5.500000e+00    -2.823139e-10    -2.526116e-11
3.500000e+00    -5.500000e+00    -2.538782e-10    -9.212130e-11
4.500000e+00    -5.500000e+00    -1.847969e-10    -1.757785e-10
5.500000e+00    -5.500000e+00    -8.524591e-11    -2.144143e-10
6.500000e+00    -5.500000e+00    3.513145e-13    -1.528617e-10
-7.500000e+00    -4.500000e+00    -1.982228e-10    -7.302568e-11
-6.500000e+00    -4.500000e+00    -5.270228e-10    -2.078712e-10
-5.500000e+00    -4.500000e+00    -7.256414e-10    -3.046657e-10
-4.500000e+00    -4.500000e+00    -7.892120e-10    -3.464101e-10
-3.500000e+00    -4.500000e+00    -7.287792e-10    -3.207580e-10
-2.500000e+00    -4.500000e+00    -5.797161e-10    -2.176591e-10
-1.500000e+00    -4.500000e+00    -3.835131e-10    -4.535040e-11
-5.000000e-01    -4.500000e+00    -2.201530e-10    1.374682e-10
5.000000e-01    -4.500000e+00    -1.492768e-10    2.512181e-10
1.500000e+00    -4.500000e+00    -1.417614e-10    2.475972e-10
2.500000e+00    -4.500000e+00    -1.666278e-10    1.912734e-10
3.500000e+00    -4.500000e+00    -2.151234e-10    1.342395e-10
4.500000e+00    -4.500000e+00    -2.381333e-10    2.963699e-11
5.500000e+00    -4.500000e+00    -1.710306e-10    -9.927903e-11
6.500000e+00    -4.500000e+00    -4.620000e-11    -1.648674e-10
7.500000e+00    -4.500000e+00    2.120975e-11    -8.964688e-11
-7.500000e+00    -3.500000e+00    -4.103078e-10    -1.178425e-10
-6.500000e+00    -3.500000e+00    -7.037343e-10    -2.142311e-10
-5.500000e+00    -3.500000e+00    -8.468318e-10    -2.703576e-10
-4.500000e+00    -3.500000e+00    -8.372912e-10    -2.708886e-10
-3.500000e+00    -3.500000e+00    -6.766355e-10    -1.962663e-10
-2.500000e+00    -3.500000e+00    -4.042395e-10    -3.528491e-11
-1.500000e+00    -3.500000e+00    -1.225228e-10    1.743941e-10
-5.000000e-01    -3.500000e+00    3.394058e-11    2.813586e-10
5.000000e-01    -3.500000e+00    4.258143e-12    3.805615e-11
4.500000e+00    -3.500000e+00    -2.379923e-11    1.466995e-11
5.500000e+00    -3.500000e+00    -1.948545e-10    2.434869e-11
6.500000e+00    -3.500000e+00    -1.163485e-10    -9.123657e-11
7.500000e+00    -3.500000e+00    1.251770e-11    -1.181482e-10
-8.500000e+00    -2.500000e+00    -1.513424e-10    -2.852486e-11
-7.500000e+00    -2.500000e+00    -5.623553e-10    -1.145485e-10
-6.500000e+00    -2.500000e+00    -8.234085e-10    -1.771399e-10
-5.500000e+00    -2.500000e+00    -9.154290e-10    -2.046732e-10
-4.500000e+00    -2.500000e+00    -8.232248e-10    -1.779319e-10
-3.500000e+00    -2.500000e+00    -5.561419e-10    -8.324959e-11
-2.500000e+00    -2.500000e+00    -1.692115e-10    9.033583e-11
-1.500000e+00    -2.500000e+00    1.319046e-10    2.336688e-10
6.500000e+00    -2.500000e+00    -1.554584e-10    -1.626537e-11
7.500000e+00    -2.500000e+00    -2.451400e-11    -8.475341e-11
8.500000e+00    -2.500000e+00    3.203237e-11    -3.937108e-11
-8.500000e+00    -1.500000e+00    -2.661266e-10    -3.070820e-11
-7.500000e+00    -1.500000e+00    -6.598031e-10    -8.003841e-11
-6.500000e+00    -1.500000e+00    -8.938747e-10    -1.143578e-10
-5.500000e+00    -1.500000e+00    -9.410731e-10    -1.231749e-10
-4.500000e+00    -1.500000e+00    -7.908015e-10    -9.613081e-11
-3.500000e+00    -1.500000e+00    -4.229129e-10    -1.570593e-11
-2.500000e+00    -1.500000e+00    3.409932e-11    1.056135e-10
-1.500000e+00    -1.500000e+00    1.741475e-10    1.152096e-10
6.500000e+00    -1.500000e+00    -1.076507e-10    7.359478e-12
7.500000e+00    -1.500000e+00    -5.761792e-11    -4.376900e-11
8.500000e+00    -1.500000e+00    4.326470e-11    -3.748670e-11
-8.500000e+00    -5.000000e-01    -3.217615e-10    -1.272074e-11
-7.500000e+00    -5.000000e-01    -7.092410e-10    -2.904377e-11
-6.500000e+00    -5.000000e-01    -9.263665e-10    -4.068322e-11
-5.500000e+00    -5.000000e-01    -9.489138e-10    -4.151713e-11
-4.500000e+00    -5.000000e-01    -7.570852e-10    -2.710717e-11
-3.500000e+00    -5.000000e-01    -3.391216e-10    1.667874e-12
-2.500000e+00    -5.000000e-01    1.529406e-10    4.324625e-11
-1.500000e+00    -5.000000e-01    2.597561e-11    3.350354e-12
6.500000e+00    -5.000000e-01    -1.386528e-11    -4.203457e-13
7.500000e+00    -5.000000e-01    -7.677183e-11    -1.313820e-11
8.500000e+00    -5.000000e-01    4.468783e-11    -1.321739e-11
-8.500000e+00    5.000000e-01    -3.217732e-10    1.208353e-11
-7.500000e+00    5.000000e-01    -7.086899e-10    2.841552e-11
-6.500000e+00    5.000000e-01    -9.272623e-10    3.908617e-11
-5.500000e+00    5.000000e-01    -9.487416e-10    4.092686e-11
-4.500000e+00    5.000000e-01    -7.543782e-10    2.904720e-11
-3.500000e+00    5.000000e-01    -3.446703e-10    -1.047062e-12
-2.500000e+00    5.000000e-01    1.495845e-10    -4.390200e-11
-1.500000e+00    5.000000e-01    2.573136e-11    -3.652814e-12
6.500000e+00    5.000000e-01    -1.355208e-11    4.301709e-13
7.500000e+00    5.000000e-01    -7.435903e-11    1.359303e-11
8.500000e+00    5.000000e-01    4.580473e-11    1.501040e-11
-8.500000e+00    1.500000e+00    -2.661337e-10    3.043457e-11
-7.500000e+00    1.500000e+00    -6.616764e-10    7.966369e-11
-6.500000e+00    1.500000e+00    -8.949134e-10    1.150085e-10
-5.500000e+00    1.500000e+00    -9.424818e-10    1.239504e-10
-4.500000e+00    1.500000e+00    -7.837812e-10    9.503014e-11
-3.500000e+00    1.500000e+00    -4.263447e-10    1.458971e-11
-2.500000e+00    1.500000e+00    3.901969e-11    -1.070765e-10
-1.500000e+00    1.500000e+00    1.748108e-10    -1.143646e-10
6.500000e+00    1.500000e+00    -1.074505e-10    -7.249084e-12
7.500000e+00    1.500000e+00    -5.746630e-11    4.467206e-11
8.500000e+00    1.500000e+00    4.366265e-11    3.798603e-11
-8.500000e+00    2.500000e+00    -1.512366e-10    2.854376e-11
-7.500000e+00    2.500000e+00    -5.632279e-10    1.150559e-10
-6.500000e+00    2.500000e+00    -8.230475e-10    1.782620e-10
-5.500000e+00    2.500000e+00    -9.171327e-10    2.062392e-10
-4.500000e+00    2.500000e+00    -8.233025e-10    1.798201e-10
-3.500000e+00    2.500000e+00    -5.546863e-10    8.165516e-11
-2.500000e+00    2.500000e+00    -1.701706e-10    -8.793186e-11
-1.500000e+00    2.500000e+00    1.315287e-10    -2.343235e-10
6.500000e+00    2.500000e+00    -1.540010e-10    1.726360e-11
7.500000e+00    2.500000e+00    -2.290184e-11    8.651121e-11
8.500000e+00    2.500000e+00    3.177103e-11    3.939115e-11
-7.500000e+00    3.500000e+00    -4.095370e-10    1.180155e-10
-6.500000e+00    3.500000e+00    -7.044368e-10    2.143094e-10
-5.500000e+00    3.500000e+00    -8.503044e-10    2.736289e-10
-4.500000e+00    3.500000e+00    -8.361782e-10    2.737122e-10
-3.500000e+00    3.500000e+00    -6.761433e-10    1.980702e-10
-2.500000e+00    3.500000e+00    -4.038898e-10    3.677013e-11
-1.500000e+00    3.500000e+00    -1.179236e-10    -1.758007e-10
-5.000000e-01    3.500000e+00    2.978221e-11    -2.793131e-10
5.000000e-01    3.500000e+00    4.615578e-12    -3.812061e-11
4.500000e+00    3.500000e+00    -2.463132e-11    -1.566529e-11
5.500000e+00    3.500000e+00    -1.949629e-10    -2.373395e-11
6.500000e+00    3.500000e+00    -1.154783e-10    9.339400e-11
7.500000e+00    3.500000e+00    1.126474e-11    1.170976e-10
-7.500000e+00    4.500000e+00    -1.981180e-10    7.315012e-11
-6.500000e+00    4.500000e+00    -5.279164e-10    2.088336e-10
-5.500000e+00    4.500000e+00    -7.228192e-10    3.052205e-10
-4.500000e+00    4.500000e+00    -7.886716e-10    3.480680e-10
-3.500000e+00    4.500000e+00    -7.279456e-10    3.211521e-10
-2.500000e+00    4.500000e+00    -5.745408e-10    2.174838e-10
-1.500000e+00    4.500000e+00    -3.808945e-10    4.482237e-11
-5.000000e-01    4.500000e+00    -2.220930e-10    -1.347033e-10
5.000000e-01    4.500000e+00    -1.489779e-10    -2.501009e-10
1.500000e+00    4.500000e+00    -1.403295e-10    -2.519213e-10
2.500000e+00    4.500000e+00    -1.658660e-10    -1.902422e-10
3.500000e+00    4.500000e+00    -2.167479e-10    -1.367419e-10
4.500000e+00    4.500000e+00    -2.365252e-10    -2.784777e-11
5.500000e+00    4.500000e+00    -1.712657e-10    1.006420e-10
6.500000e+00    4.500000e+00    -4.632847e-11    1.649191e-10
7.500000e+00    4.500000e+00    2.125077e-11    9.009710e-11
-6.500000e+00    5.500000e+00    -2.855225e-10    1.396005e-10
-5.500000e+00    5.500000e+00    -5.306989e-10    2.784025e-10
-4.500000e+00    5.500000e+00    -6.608943e-10    3.705440e-10
-3.500000e+00    5.500000e+00    -6.871426e-10    4.047904e-10
-2.500000e+00    5.500000e+00    -6.302082e-10    3.756373e-10
-1.500000e+00    5.500000e+00    -5.235158e-10    2.889696e-10
-5.000000e-01    5.500000e+00    -4.135163e-10    1.690827e-10
5.000000e-01    5.500000e+00    -3.386606e-10    6.452894e-11
1.500000e+00    5.500000e+00    -2.973717e-10    9.091239e-12
2.500000e+00    5.500000e+00    -2.817127e-10    2.837179e-11
3.500000e+00    5.500000e+00    -2.543736e-10    9.100359e-11
4.500000e+00    5.500000e+00    -1.852724e-10    1.767423e-10
5.500000e+00    5.500000e+00    -8.411611e-11    2.145069e-10
6.500000e+00    5.500000e+00    -8.660144e-13    1.530461e-10
-5.500000e+00    6.500000e+00    -2.661072e-10    1.677257e-10
-4.500000e+00    6.500000e+00    -4.504694e-10    3.075747e-10
-3.500000e+00    6.500000e+00    -5.405751e-10    3.973312e-10
-2.500000e+00    6.500000e+00    -5.549347e-10    4.368005e-10
-1.500000e+00    6.500000e+00    -5.154736e-10    4.309579e-10
-5.000000e-01    6.500000e+00    -4.509881e-10    3.912912e-10
5.000000e-01    6.500000e+00    -3.814352e-10    3.399408e-10
1.500000e+00    6.500000e+00    -3.191568e-10    3.047416e-10
2.500000e+00    6.500000e+00    -2.572817e-10    2.939185e-10
3.500000e+00    6.500000e+00    -1.822294e-10    2.945758e-10
4.500000e+00    6.500000e+00    -9.784563e-11    2.698361e-10
5.500000e+00    6.500000e+00    -2.178293e-11    1.807512e-10
-4.500000e+00    7.500000e+00    -1.600160e-10    1.290472e-10
-3.500000e+00    7.500000e+00    -3.011716e-10    2.662574e-10
-2.500000e+00    7.500000e+00    -3.690686e-10    3.570858e-10
-1.500000e+00    7.500000e+00    -3.802053e-10    4.080977e-10
-5.000000e-01    7.500000e+00    -3.522879e-10    4.219228e-10
5.000000e-01    7.500000e+00    -2.999112e-10    4.056337e-10
1.500000e+00    7.500000e+00    -2.368357e-10    3.824462e-10
2.500000e+00    7.500000e+00    -1.651028e-10    3.378771e-10
3.500000e+00    7.500000e+00    -9.014781e-11    2.669891e-10
4.500000e+00    7.500000e+00    -2.534208e-11    1.446279e-10
-2.500000e+00    8.500000e+00    -9.541115e-11    1.093496e-10
-1.500000e+00    8.500000e+00    -1.490347e-10    1.928816e-10
-5.000000e-01    8.500000e+00    -1.581109e-10    2.340826e-10
5.000000e-01    8.500000e+00    -1.349513e-10    2.351109e-10
1.500000e+00    8.500000e+00    -9.196508e-11    1.991294e-10
2.500000e+00    8.500000e+00    -4.159334e-11    1.179423e-10
