-2.500000e+00    -9.500000e+00    3.989238e-11    -8.052327e-12
-1.500000e+00    -9.500000e+00    5.370640e-11    4.222372e-12
-5.000000e-01    -9.500000e+00    2.287357e-11    1.985393e-11
5.000000e-01    -9.500000e+00    -2.283326e-11    1.996712e-11
1.500000e+00    -9.500000e+00    -5.347644e-11    4.281918e-12
2.500000e+00    -9.500000e+00    -3.991906e-11    -7.839184e-12
-4.500000e+00    -8.500000e+00    1.465560e-10    -6.366444e-11
-3.500000e+00    -8.500000e+00    2.441986e-10    -3.933435e-11
-2.500000e+00    -8.500000e+00    2.450818e-10    4.626419e-11
-1.500000e+00    -8.500000e+00    1.746594e-10    1.351018e-10
-5.000000e-01    -8.500000e+00    6.352109e-11    1.887394e-10
5.000000e-01    -8.500000e+00    -6.294609e-11    1.888076e-10
1.500000e+00    -8.500000e+00    -1.755780e-10    1.354418e-10
2.500000e+00    -8.500000e+00    -2.451401e-10    4.563627e-11
3.500000e+00    -8.500000e+00    -2.447037e-10    -3.985303e-11
4.500000e+00    -8.500000e+00    -1.470269e-10    -6.346280e-11
-6.500000e+00    -7.500000e+00    3.375036e-11    -2.875008e-11
-5.500000e+00    -7.500000e+00    3.000753e-10    -1.709164e-10
-4.500000e+00    -7.500000e+00    4.349994e-10    -1.129153e-10
-3.500000e+00    -7.500000e+00    4.558385e-10    5.184956e-11
-2.500000e+00    -7.500000e+00    3.870415e-10    2.443282e-10
-1.500000e+00    -7.500000e+00    2.539635e-10    4.032732e-10
-5.000000e-01    -7.500000e+00    8.827655e-11    4.930594e-10
5.000000e-01    -7.500000e+00    -8.803407e-11    4.923679e-10
1.500000e+00    -7.500000e+00    -2.543755e-10    4.041040e-10
2.500000e+00    -7.500000e+00    -3.867738e-10    2.437009e-10
3.500000e+00    -7.500000e+00    -4.560431e-10    5.161635e-11
4.500000e+00    -7.500000e+00    -4.357492e-10    -1.137578e-10
5.500000e+00    -7.500000e+00    -3.005607e-10    -1.705974e-10
6.500000e+00    -7.500000e+00    -3.376048e-11    -2.875022e-11
-7.500000e+00    -6.500000e+00    3.462641e-11    -3.965120e-11
-6.500000e+00    -6.500000e+00    3.629846e-10    -2.944230e-10
-5.500000e+00    -6.500000e+00    5.523284e-10    -2.549607e-10
-4.500000e+00    -6.500000e+00    6.106421e-10    -3.211486e-11
-3.500000e+00    -6.500000e+00    5.632354e-10    2.587297e-10
-2.500000e+00    -6.500000e+00    4.399239e-10    5.425646e-10
-1.500000e+00    -6.500000e+00    2.774445e-10    7.536220e-10
-5.000000e-01    -6.500000e+00    9.391929e-11    8.684063e-10
5.000000e-01    -6.500000e+00    -9.261984e-11    8.703340e-10
1.500000e+00    -6.500000e+00    -2.779678e-10    7.575302e-10
2.500000e+00    -6.500000e+00    -4.430263e-10    5.406017e-10
3.500000e+00    -6.500000e+00    -5.632334e-10    2.586257e-10
4.500000e+00    -6.500000e+00    -6.106747e-10    -3.514760e-11
5.500000e+00    -6.500000e+00    -5.521026e-10    -2.562481e-10
6.500000e+00    -6.500000e+00    -3.628586e-10    -2.949450e-10
7.500000e+00    -6.500000e+00    -3.457033e-11    -3.961264e-11
-7.500000e+00    -5.500000e+00    3.141019e-10    -3.734922e-10
-6.500000e+00    -5.500000e+00    5.623074e-10    -4.414165e-10
-5.500000e+00    -5.500000e+00    6.679277e-10    -2.227463e-10
-4.500000e+00    -5.500000e+00    6.502822e-10    1.473804e-10
-3.500000e+00    -5.500000e+00    5.398413e-10    5.479471e-10
-2.500000e+00    -5.500000e+00    3.846363e-10    8.878639e-10
-1.500000e+00    -5.500000e+00    2.255124e-10    1.120954e-09
-5.000000e-01    -5.500000e+00    7.032528e-11    1.237672e-09
5.000000e-01    -5.500000e+00    -7.251778e-11    1.236892e-09
1.500000e+00    -5.500000e+00    -2.236173e-10    1.120190e-09
2.500000e+00    -5.500000e+00    -3.847254e-10    8.877188e-10
3.500000e+00    -5.500000e+00    -5.422158e-10    5.455820e-10
4.500000e+00    -5.500000e+00    -6.488107e-10    1.471250e-10
5.500000e+00    -5.500000e+00    -6.684391e-10    -2.225276e-10
6.500000e+00    -5.500000e+00    -5.616945e-10    -4.417254e-10
7.500000e+00    -5.500000e+00    -3.140389e-10    -3.729505e-10
-8.500000e+00    -4.500000e+00    1.611490e-10    -2.878306e-10
-7.500000e+00    -4.500000e+00    4.620810e-10    -5.968074e-10
-6.500000e+00    -4.500000e+00    6.218760e-10    -4.781643e-10
-5.500000e+00    -4.500000e+00    6.378837e-10    -8.882310e-11
-4.500000e+00    -4.500000e+00    5.373837e-10    4.101929e-10
-3.500000e+00    -4.500000e+00    3.696507e-10    8.755771e-10
-2.500000e+00    -4.500000e+00    1.950028e-10    1.212800e-09
-1.500000e+00    -4.500000e+00    7.549665e-11    1.420156e-09
-5.000000e-01    -4.500000e+00    1.771515e-11    1.501435e-09
5.000000e-01    -4.500000e+00    -1.927966e-11    1.506304e-09
1.500000e+00    -4.500000e+00    -7.500895e-11    1.426305e-09
2.500000e+00    -4.500000e+00    -2.002933e-10    1.214367e-09
3.500000e+00    -4.500000e+00    -3.663606e-10    8.728817e-10
4.500000e+00    -4.500000e+00    -5.373805e-10    4.091721e-10
5.500000e+00    -4.500000e+00    -6.381315e-10    -8.902904e-11
6.500000e+00    -4.500000e+00    -6.222503e-10    -4.780900e-10
7.500000e+00    -4.500000e+00    -4.621672e-10    -5.979159e-10
8.500000e+00    -4.500000e+00    -1.614045e-10    -2.869661e-10
-8.500000e+00    -3.500000e+00    2.728901e-10    -5.804680e-10
-7.500000e+00    -3.500000e+00    4.828316e-10    -7.160294e-10
-6.500000e+00    -3.500000e+00    5.494227e-10    -4.138986e-10
-5.500000e+00    -3.500000e+00    4.706552e-10    1.297210e-10
-4.500000e+00    -3.500000e+00    2.794475e-10    7.302454e-10
-3.500000e+00    -3.500000e+00    4.978988e-11    1.207113e-09
-2.500000e+00    -3.500000e+00    -1.188524e-10    1.478453e-09
-1.500000e+00    -3.500000e+00    -1.673478e-10    1.564355e-09
-5.000000e-01    -3.500000e+00    -7.301369e-11    1.567356e-09
5.000000e-01    -3.500000e+00    7.311157e-11    1.567977e-09
1.500000e+00    -3.500000e+00    1.610310e-10    1.566711e-09
2.500000e+00    -3.500000e+00    1.204401e-10    1.484171e-09
3.500000e+00    -3.500000e+00    -5.364611e-11    1.205410e-09
4.500000e+00    -3.500000e+00    -2.818689e-10    7.260776e-10
5.500000e+00    -3.500000e+00    -4.730059e-10    1.308458e-10
6.500000e+00    -3.500000e+00    -5.490660e-10    -4.155322e-10
7.500000e+00    -3.500000e+00    -4.832208e-10    -7.159567e-10
8.500000e+00    -3.500000e+00    -2.729970e-10    -5.798243e-10
-9.500000e+00    -2.500000e+00    4.672441e-11    -1.731269e-10
-8.500000e+00    -2.500000e+00    2.770596e-10    -7.716129e-10
-7.500000e+00    -2.500000e+00    3.962462e-10    -7.452564e-10
-6.500000e+00    -2.500000e+00    3.746371e-10    -2.664942e-10
-5.500000e+00    -2.500000e+00    2.069561e-10    4.196183e-10
-4.500000e+00    -2.500000e+00    -6.966855e-11    1.091513e-09
-3.500000e+00    -2.500000e+00    -3.564280e-10    1.514845e-09
-2.500000e+00    -2.500000e+00    -5.121496e-10    1.613182e-09
-1.500000e+00    -2.500000e+00    -4.372017e-10    1.477130e-09
-5.000000e-01    -2.500000e+00    -1.729041e-10    1.323022e-09
5.000000e-01    -2.500000e+00    1.679156e-10    1.320213e-09
1.500000e+00    -2.500000e+00    4.406255e-10    1.478226e-09
2.500000e+00    -2.500000e+00    5.113353e-10    1.612922e-09
3.500000e+00    -2.500000e+00    3.531642e-10    1.514645e-09
4.500000e+00    -2.500000e+00    7.013587e-11    1.086170e-09
5.500000e+00    -2.500000e+00    -2.075598e-10    4.296136e-10
6.500000e+00    -2.500000e+00    -3.750920e-10    -2.706868e-10
7.500000e+00    -2.500000e+00    -3.973952e-10    -7.458268e-10
8.500000e+00    -2.500000e+00    -2.770018e-10    -7.722974e-10
9.500000e+00    -2.500000e+00    -4.679181e-11    -1.731162e-10
-9.500000e+00    -1.500000e+00    6.528685e-11    -3.843107e-10
-8.500000e+00    -1.500000e+00    2.012355e-10    -8.767056e-10
-7.500000e+00    -1.500000e+00    2.456948e-10    -7.033011e-10
-6.500000e+00    -1.500000e+00    1.510026e-10    -6.207436e-11
-5.500000e+00    -1.500000e+00    -8.554252e-11    7.615987e-10
-4.500000e+00    -1.500000e+00    -4.161157e-10    1.472303e-09
-3.500000e+00    -1.500000e+00    -7.117835e-10    1.753079e-09
-2.500000e+00    -1.500000e+00    -7.671845e-10    1.527510e-09
-1.500000e+00    -1.500000e+00    -5.199650e-10    1.042414e-09
-5.000000e-01    -1.500000e+00    -1.620409e-10    6.755039e-10
5.000000e-01    -1.500000e+00    1.623414e-10    6.758366e-10
1.500000e+00    -1.500000e+00    5.182748e-10    1.035570e-09
2.500000e+00    -1.500000e+00    7.617106e-10    1.524572e-09
3.500000e+00    -1.500000e+00    7.053783e-10    1.752856e-09
4.500000e+00    -1.500000e+00    4.155827e-10    1.462833e-09
5.500000e+00    -1.500000e+00    8.697808e-11    7.662588e-10
6.500000e+00    -1.500000e+00    -1.529759e-10    -7.441993e-11
7.500000e+00    -1.500000e+00    -2.420236e-10    -7.029928e-10
8.500000e+00    -1.500000e+00    -2.012194e-10    -8.740875e-10
9.500000e+00    -1.500000e+00    -6.510108e-11    -3.843043e-10
-9.500000e+00    -5.000000e-01    2.951901e-11    -4.906862e-10
-8.500000e+00    -5.000000e-01    7.658121e-11    -9.099798e-10
-7.500000e+00    -5.000000e-01    6.331554e-11    -6.243500e-10
-6.500000e+00    -5.000000e-01    -5.515212e-11    1.542412e-10
-5.500000e+00    -5.000000e-01    -2.988096e-10    1.105855e-09
-4.500000e+00    -5.000000e-01    -6.037463e-10    1.778385e-09
-3.500000e+00    -5.000000e-01    -7.754313e-10    1.774888e-09
-2.500000e+00    -5.000000e-01    -5.110400e-10    9.342207e-10
2.500000e+00    -5.000000e-01    5.104662e-10    9.307193e-10
3.500000e+00    -5.000000e-01    7.739152e-10    1.768399e-09
4.500000e+00    -5.000000e-01    6.066795e-10    1.780280e-09
5.500000e+00    -5.000000e-01    2.977439e-10    1.099137e-09
6.500000e+00    -5.000000e-01    5.624652e-11    1.493431e-10
7.500000e+00    -5.000000e-01    -6.239361e-11    -6.244752e-10
8.500000e+00    -5.000000e-01    -7.639387e-11    -9.111300e-10
9.500000e+00    -5.000000e-01    -2.986467e-11    -4.902953e-10
-9.500000e+00    5.000000e-01    -2.506118e-11    -4.957192e-10
-8.500000e+00    5.000000e-01    -6.128109e-11    -8.938260e-10
-7.500000e+00    5.000000e-01    -1.078447e-10    -5.429459e-10
-6.500000e+00    5.000000e-01    -2.003073e-10    3.263854e-10
-5.500000e+00    5.000000e-01    -3.720575e-10    1.343411e-09
-4.500000e+00    5.000000e-01    -5.473225e-10    1.937485e-09
-3.500000e+00    5.000000e-01    -4.715027e-10    1.356066e-09
3.500000e+00    5.000000e-01    4.685259e-10    1.353421e-09
4.500000e+00    5.000000e-01    5.473934e-10    1.927715e-09
5.500000e+00    5.000000e-01    3.677440e-10    1.342048e-09
6.500000e+00    5.000000e-01    2.022230e-10    3.243519e-10
7.500000e+00    5.000000e-01    1.061219e-10    -5.439888e-10
8.500000e+00    5.000000e-01    6.028491e-11    -8.952875e-10
9.500000e+00    5.000000e-01    2.497974e-11    -4.953433e-10
-9.500000e+00    1.500000e+00    -6.442847e-11    -3.980335e-10
-8.500000e+00    1.500000e+00    -1.802831e-10    -8.395597e-10
-7.500000e+00    1.500000e+00    -2.389999e-10    -4.953629e-10
-6.500000e+00    1.500000e+00    -2.681093e-10    4.034037e-10
-5.500000e+00    1.500000e+00    -3.006222e-10    1.417214e-09
-4.500000e+00    1.500000e+00    -3.043755e-10    1.864407e-09
-3.500000e+00    1.500000e+00    -9.516170e-11    5.636331e-10
3.500000e+00    1.500000e+00    9.510913e-11    5.613578e-10
4.500000e+00    1.500000e+00    3.048315e-10    1.854955e-09
5.500000e+00    1.500000e+00    2.999151e-10    1.419564e-09
6.500000e+00    1.500000e+00    2.701341e-10    3.869948e-10
7.500000e+00    1.500000e+00    2.370274e-10    -4.963149e-10
8.500000e+00    1.500000e+00    1.805606e-10    -8.411800e-10
9.500000e+00    1.500000e+00    6.442876e-11    -3.985265e-10
-9.500000e+00    2.500000e+00    -4.944494e-11    -1.858694e-10
-8.500000e+00    2.500000e+00    -2.600919e-10    -7.446972e-10
-7.500000e+00    2.500000e+00    -3.382800e-10    -4.920034e-10
-6.500000e+00    2.500000e+00    -3.060984e-10    3.355917e-10
-5.500000e+00    2.500000e+00    -1.751002e-10    1.289126e-09
-4.500000e+00    2.500000e+00    -2.763618e-11    1.683673e-09
-3.500000e+00    2.500000e+00    2.857230e-12    8.716779e-11
3.500000e+00    2.500000e+00    -2.716275e-12    8.693204e-11
4.500000e+00    2.500000e+00    3.074982e-11    1.665550e-09
5.500000e+00    2.500000e+00    1.795339e-10    1.299882e-09
6.500000e+00    2.500000e+00    3.006581e-10    3.263685e-10
7.500000e+00    2.500000e+00    3.389069e-10    -4.999140e-10
8.500000e+00    2.500000e+00    2.599797e-10    -7.454464e-10
9.500000e+00    2.500000e+00    4.958606e-11    -1.860469e-10
-8.500000e+00    3.500000e+00    -2.715237e-10    -5.869441e-10
-7.500000e+00    3.500000e+00    -4.022018e-10    -5.179796e-10
-6.500000e+00    3.500000e+00    -3.361666e-10    1.500596e-10
-5.500000e+00    3.500000e+00    -1.038084e-10    1.014825e-09
-4.500000e+00    3.500000e+00    1.635297e-10    1.431825e-09
-3.500000e+00    3.500000e+00    1.014081e-10    4.376524e-10
3.500000e+00    3.500000e+00    -1.014005e-10    4.376131e-10
4.500000e+00    3.500000e+00    -1.626043e-10    1.425831e-09
5.500000e+00    3.500000e+00    1.085284e-10    1.008259e-09
6.500000e+00    3.500000e+00    3.353435e-10    1.419631e-10
7.500000e+00    3.500000e+00    4.030822e-10    -5.203556e-10
8.500000e+00    3.500000e+00    2.714798e-10    -5.874434e-10
-8.500000e+00    4.500000e+00    -1.744687e-10    -3.132328e-10
-7.500000e+00    4.500000e+00    -4.124490e-10    -5.048285e-10
-6.500000e+00    4.500000e+00    -3.945923e-10    -8.629917e-11
-5.500000e+00    4.500000e+00    -1.480649e-10    6.092887e-10
-4.500000e+00    4.500000e+00    2.020269e-10    1.104735e-09
-3.500000e+00    4.500000e+00    3.214458e-10    8.163363e-10
3.500000e+00    4.500000e+00    -3.169742e-10    8.154135e-10
4.500000e+00    4.500000e+00    -1.987730e-10    1.096962e-09
5.500000e+00    4.500000e+00    1.433279e-10    6.185806e-10
6.500000e+00    4.500000e+00    3.944058e-10    -8.701554e-11
7.500000e+00    4.500000e+00    4.148162e-10    -5.065715e-10
8.500000e+00    4.500000e+00    1.741775e-10    -3.139311e-10
-7.500000e+00    5.500000e+00    -3.173000e-10    -3.736381e-10
-6.500000e+00    5.500000e+00    -4.260840e-10    -2.569385e-10
-5.500000e+00    5.500000e+00    -2.682140e-10    2.165048e-10
-4.500000e+00    5.500000e+00    6.088132e-11    6.823788e-10
-3.500000e+00    5.500000e+00    3.316952e-10    7.823618e-10
-2.500000e+00    5.500000e+00    2.798650e-10    4.156988e-10
2.500000e+00    5.500000e+00    -2.804624e-10    4.145618e-10
3.500000e+00    5.500000e+00    -3.335962e-10    7.799573e-10
4.500000e+00    5.500000e+00    -5.984195e-11    6.809679e-10
5.500000e+00    5.500000e+00    2.667385e-10    2.149772e-10
6.500000e+00    5.500000e+00    4.296823e-10    -2.570663e-10
7.500000e+00    5.500000e+00    3.178275e-10    -3.740018e-10
-7.500000e+00    6.500000e+00    -4.050670e-11    -4.647065e-11
-6.500000e+00    6.500000e+00    -3.458237e-10    -2.686445e-10
-5.500000e+00    6.500000e+00    -3.629737e-10    -7.281955e-11
-4.500000e+00    6.500000e+00    -1.670016e-10    2.627542e-10
-3.500000e+00    6.500000e+00    9.591262e-11    4.870201e-10
-2.500000e+00    6.500000e+00    2.487033e-10    4.769067e-10
-1.500000e+00    6.500000e+00    2.083848e-10    3.183624e-10
-5.000000e-01    6.500000e+00    6.997477e-11    1.937244e-10
5.000000e-01    6.500000e+00    -6.874182e-11    1.919148e-10
1.500000e+00    6.500000e+00    -2.053512e-10    3.170984e-10
2.500000e+00    6.500000e+00    -2.473242e-10    4.776021e-10
3.500000e+00    6.500000e+00    -9.843772e-11    4.915046e-10
4.500000e+00    6.500000e+00    1.667175e-10    2.617715e-10
5.500000e+00    6.500000e+00    3.624460e-10    -7.348576e-11
6.500000e+00    6.500000e+00    3.471608e-10    -2.705997e-10
7.500000e+00    6.500000e+00    4.044784e-11    -4.640460e-11
-6.500000e+00    7.500000e+00    -3.962085e-11    -3.380661e-11
-5.500000e+00    7.500000e+00    -2.829883e-10    -1.502028e-10
-4.500000e+00    7.500000e+00    -2.843863e-10    -1.114429e-11
-3.500000e+00    7.500000e+00    -1.509263e-10    1.768453e-10
-2.500000e+00    7.500000e+00    -3.269219e-12    2.838051e-10
-1.500000e+00    7.500000e+00    6.249790e-11    2.940360e-10
-5.000000e-01    7.500000e+00    3.328849e-11    2.697866e-10
5.000000e-01    7.500000e+00    -3.341777e-11    2.674772e-10
1.500000e+00    7.500000e+00    -6.175514e-11    2.914351e-10
2.500000e+00    7.500000e+00    5.554958e-12    2.827446e-10
3.500000e+00    7.500000e+00    1.505884e-10    1.767226e-10
4.500000e+00    7.500000e+00    2.860495e-10    -1.045832e-11
5.500000e+00    7.500000e+00    2.828739e-10    -1.505507e-10
6.500000e+00    7.500000e+00    3.961824e-11    -3.374449e-11
-4.500000e+00    8.500000e+00    -1.508602e-10    -6.346353e-11
-3.500000e+00    8.500000e+00    -1.969119e-10    -1.328377e-11
-2.500000e+00    8.500000e+00    -1.420857e-10    7.587385e-11
-1.500000e+00    8.500000e+00    -6.972389e-11    1.365407e-10
-5.000000e-01    8.500000e+00    -1.974793e-11    1.622694e-10
5.000000e-01    8.500000e+00    1.969015e-11    1.616292e-10
1.500000e+00    8.500000e+00    7.049150e-11    1.371806e-10
2.500000e+00    8.500000e+00    1.432341e-10    7.569358e-11
3.500000e+00    8.500000e+00    1.963251e-10    -8.924152e-12
4.500000e+00    8.500000e+00    1.518243e-10    -6.374640e-11
-2.500000e+00    9.500000e+00    -4.266197e-11    -8.268440e-12
-1.500000e+00    9.500000e+00    -5.122504e-11    7.253915e-12
-5.000000e-01    9.500000e+00    -1.955380e-11    2.326597e-11
5.000000e-01    9.500000e+00    1.990541e-11    2.397826e-11
1.500000e+00    9.500000e+00    5.124142e-11    6.300217e-12
2.500000e+00    9.500000e+00    4.245658e-11    -7.623418e-12
