-1.500000e+00    -5.500000e+00    -9.932919e-11    -8.796438e-11
-5.000000e-01    -5.500000e+00    -1.313855e-10    -1.370225e-10
5.000000e-01    -5.500000e+00    -1.061948e-10    -1.323818e-10
1.500000e+00    -5.500000e+00    -4.993109e-11    -8.070681e-11
-3.500000e+00    -4.500000e+00    -1.319631e-10    -7.340118e-11
-2.500000e+00    -4.500000e+00    -3.174149e-10    -1.971250e-10
-1.500000e+00    -4.500000e+00    -3.751812e-10    -2.591923e-10
-5.000000e-01    -4.500000e+00    -3.448945e-10    -2.684724e-10
5.000000e-01    -4.500000e+00    -2.766052e-10    -2.429058e-10
1.500000e+00    -4.500000e+00    -1.911032e-10    -2.004332e-10
2.500000e+00    -4.500000e+00    -1.029597e-10    -1.470400e-10
3.500000e+00    -4.500000e+00    -2.333746e-11    -5.914735e-11
-4.500000e+00    -3.500000e+00    -1.479327e-10    -5.841140e-11
-3.500000e+00    -3.500000e+00    -4.368185e-10    -1.860553e-10
-2.500000e+00    -3.500000e+00    -5.489298e-10    -2.550599e-10
-1.500000e+00    -3.500000e+00    -5.362533e-10    -2.661033e-10
-5.000000e-01    -3.500000e+00    -4.544928e-10    -2.313265e-10
5.000000e-01    -3.500000e+00    -3.584029e-10    -1.806454e-10
1.500000e+00    -3.500000e+00    -2.708391e-10    -1.443211e-10
2.500000e+00    -3.500000e+00    -1.860971e-10    -1.248510e-10
3.500000e+00    -3.500000e+00    -9.287822e-11    -1.029079e-10
4.500000e+00    -3.500000e+00    -1.214267e-11    -4.076575e-11
-4.500000e+00    -2.500000e+00    -4.075039e-10    -1.119076e-10
-3.500000e+00    -2.500000e+00    -6.365265e-10    -1.888341e-10
-2.500000e+00    -2.500000e+00    -6.826603e-10    -2.143595e-10
-1.500000e+00    -2.500000e+00    -5.978410e-10    -1.876546e-10
-5.000000e-01    -2.500000e+00    -4.748652e-10    -1.311881e-10
5.000000e-01    -2.500000e+00    -3.656795e-10    -7.124086e-11
1.500000e+00    -2.500000e+00    -2.952674e-10    -3.350435e-11
2.500000e+00    -2.500000e+00    -2.364121e-10    -3.273538e-11
3.500000e+00    -2.500000e+00    -1.564155e-10    -5.234715e-11
4.500000e+00    -2.500000e+00    -5.334345e-11    -5.568814e-11
-5.500000e+00    -1.500000e+00    -1.599899e-10    -2.483740e-11
-4.500000e+00    -1.500000e+00    -5.692671e-10    -9.267174e-11
-3.500000e+00    -1.500000e+00    -7.490297e-10    -1.313748e-10
-2.500000e+00    -1.500000e+00    -7.363728e-10    -1.321109e-10
-1.500000e+00    -1.500000e+00    -6.056163e-10    -9.916071e-11
-5.000000e-01    -1.500000e+00    -4.467424e-10    -4.569685e-11
5.000000e-01    -1.500000e+00    -3.334117e-10    2.594294e-12
1.500000e+00    -1.500000e+00    -2.847104e-10    2.985586e-11
2.500000e+00    -1.500000e+00    -2.572958e-10    2.289528e-11
3.500000e+00    -1.500000e+00    -2.034505e-10    -4.334683e-12
4.500000e+00    -1.500000e+00    -9.840828e-11    -2.792929e-11
5.500000e+00    -1.500000e+00    -4.359276e-12    -1.580110e-11
-5.500000e+00    -5.000000e-01    -2.576855e-10    -1.207806e-11
-4.500000e+00    -5.000000e-01    -6.468796e-10    -3.439767e-11
-3.500000e+00    -5.000000e-01    -7.991710e-10    -4.438645e-11
-2.500000e+00    -5.000000e-01    -7.556488e-10    -4.172041e-11
-1.500000e+00    -5.000000e-01    -5.937318e-10    -2.877747e-11
-5.000000e-01    -5.000000e-01    -4.173643e-10    -7.636854e-12
5.000000e-01    -5.000000e-01    -3.020519e-10    1.218665e-11
1.500000e+00    -5.000000e-01    -2.690446e-10    1.917932e-11
2.500000e+00    -5.000000e-01    -2.614233e-10    1.644483e-11
3.500000e+00    -5.000000e-01    -2.239094e-10    4.452253e-12
4.500000e+00    -5.000000e-01    -1.237300e-10    -6.887140e-12
5.500000e+00    -5.000000e-01    -1.343307e-11    -7.029389e-12
-5.500000e+00    5.000000e-01    -2.577705e-10    1.295989e-11
-4.500000e+00    5.000000e-01    -6.467396e-10    3.671420e-11
-3.500000e+00    5.000000e-01    -7.995183e-10    4.699874e-11
-2.500000e+00    5.000000e-01    -7.543586e-10    4.450182e-11
-1.500000e+00    5.000000e-01    -5.936612e-10    3.104816e-11
-5.000000e-01    5.000000e-01    -4.141936e-10    8.453957e-12
5.000000e-01    5.000000e-01    -3.039859e-10    -1.021185e-11
1.500000e+00    5.000000e-01    -2.677680e-10    -1.896872e-11
2.500000e+00    5.000000e-01    -2.613136e-10    -1.554033e-11
3.500000e+00    5.000000e-01    -2.237126e-10    -4.895683e-12
4.500000e+00    5.000000e-01    -1.239909e-10    7.118478e-12
5.500000e+00    5.000000e-01    -1.338410e-11    7.231112e-12
-5.500000e+00    1.500000e+00    -1.599085e-10    2.498990e-11
-4.500000e+00    1.500000e+00    -5.691246e-10    9.345026e-11
-3.500000e+00    1.500000e+00    -7.495929e-10    1.323547e-10
-2.500000e+00    1.500000e+00    -7.382419e-10    1.345894e-10
-1.500000e+00    1.500000e+00    -6.057798e-10    1.016580e-10
-5.000000e-01    1.500000e+00    -4.466228e-10    4.877814e-11
5.000000e-01    1.500000e+00    -3.341052e-10    -3.120988e-12
1.500000e+00    1.500000e+00    -2.825048e-10    -2.897762e-11
2.500000e+00    1.500000e+00    -2.581486e-10    -2.312040e-11
3.500000e+00    1.500000e+00    -2.027949e-10    5.735194e-12
4.500000e+00    1.500000e+00    -9.926332e-11    2.890101e-11
5.500000e+00    1.500000e+00    -4.698004e-12    1.522078e-11
-4.500000e+00    2.500000e+00    -4.072309e-10    1.121727e-10
-3.500000e+00    2.500000e+00    -6.364020e-10    1.907298e-10
-2.500000e+00    2.500000e+00    -6.818222e-10    2.154349e-10
-1.500000e+00    2.500000e+00    -6.009770e-10    1.914983e-10
-5.000000e-01    2.500000e+00    -4.733055e-10    1.293442e-10
5.000000e-01    2.500000e+00    -3.650669e-10    7.068738e-11
1.500000e+00    2.500000e+00    -2.959937e-10    3.454273e-11
2.500000e+00    2.500000e+00    -2.383501e-10    3.394856e-11
3.500000e+00    2.500000e+00    -1.568229e-10    5.259557e-11
4.500000e+00    2.500000e+00    -5.421718e-11    5.542914e-11
-4.500000e+00    3.500000e+00    -1.478503e-10    5.868673e-11
-3.500000e+00    3.500000e+00    -4.368054e-10    1.865967e-10
-2.500000e+00    3.500000e+00    -5.496185e-10    2.552648e-10
-1.500000e+00    3.500000e+00    -5.367487e-10    2.658412e-10
-5.000000e-01    3.500000e+00    -4.568507e-10    2.330240e-10
5.000000e-01    3.500000e+00    -3.580778e-10    1.818605e-10
1.500000e+00    3.500000e+00    -2.705491e-10    1.442781e-10
2.500000e+00    3.500000e+00    -1.857174e-10    1.240839e-10
3.500000e+00    3.500000e+00    -9.240028e-11    1.026730e-10
4.500000e+00    3.500000e+00    -1.189008e-11    4.041033e-11
-3.500000e+00    4.500000e+00    -1.321143e-10    7.362868e-11
-2.500000e+00    4.500000e+00    -3.177057e-10    1.973680e-10
-1.500000e+00    4.500000e+00    -3.741941e-10    2.594714e-10
-5.000000e-01    4.500000e+00    -3.466154e-10    2.679602e-10
5.000000e-01    4.500000e+00    -2.767368e-10    2.423542e-10
1.500000e+00    4.500000e+00    -1.923749e-10    2.022544e-10
2.500000e+00    4.500000e+00    -1.027259e-10    1.468624e-10
3.500000e+00    4.500000e+00    -2.261901e-11    5.789682e-11
-1.500000e+00    5.500000e+00    -9.973848e-11    8.841938e-11
-5.000000e-01    5.500000e+00    -1.313612e-10    1.367904e-10
5.000000e-01    5.500000e+00    -1.065096e-10    1.329411e-10
1.500000e+00    5.500000e+00    -5.030762e-11    8.086266e-11
