-2.500000e+00    -8.500000e+00    7.368178e-11    9.949932e-11
-1.500000e+00    -8.500000e+00    1.108066e-10    1.816760e-10
-5.000000e-01    -8.500000e+00    1.091515e-10    2.249598e-10
5.000000e-01    -8.500000e+00    8.167516e-11    2.278247e-10
1.500000e+00    -8.500000e+00    4.428794e-11    1.897942e-10
2.500000e+00    -8.500000e+00    1.160497e-11    1.080884e-10
-4.500000e+00    -7.500000e+00    1.316503e-10    1.174639e-10
-3.500000e+00    -7.500000e+00    2.507692e-10    2.574628e-10
-2.500000e+00    -7.500000e+00    3.064005e-10    3.689591e-10
-1.500000e+00    -7.500000e+00    3.063614e-10    4.447058e-10
-5.000000e-01    -7.500000e+00    2.649729e-10    4.833145e-10
5.000000e-01    -7.500000e+00    1.973168e-10    4.829988e-10
1.500000e+00    -7.500000e+00    1.197767e-10    4.481523e-10
2.500000e+00    -7.500000e+00    4.621376e-11    3.785753e-10
3.500000e+00    -7.500000e+00    -7.654232e-12    2.751419e-10
4.500000e+00    -7.500000e+00    -2.393055e-11    1.325334e-10
-5.500000e+00    -6.500000e+00    2.261709e-10    1.555573e-10
-4.500000e+00    -6.500000e+00    3.951880e-10    3.084637e-10
-3.500000e+00    -6.500000e+00    4.874379e-10    4.361175e-10
-2.500000e+00    -6.500000e+00    5.082130e-10    5.302073e-10
-1.500000e+00    -6.500000e+00    4.701108e-10    5.869718e-10
-5.000000e-01    -6.500000e+00    3.909232e-10    6.046590e-10
5.000000e-01    -6.500000e+00    2.895479e-10    5.910846e-10
1.500000e+00    -6.500000e+00    1.825225e-10    5.525824e-10
2.500000e+00    -6.500000e+00    8.148850e-11    4.975635e-10
3.500000e+00    -6.500000e+00    -6.219863e-12    4.215895e-10
4.500000e+00    -6.500000e+00    -6.274977e-11    3.157681e-10
5.500000e+00    -6.500000e+00    -6.633550e-11    1.727876e-10
-6.500000e+00    -5.500000e+00    2.457316e-10    1.288246e-10
-5.500000e+00    -5.500000e+00    4.782257e-10    2.807534e-10
-4.500000e+00    -5.500000e+00    6.255478e-10    4.147639e-10
-3.500000e+00    -5.500000e+00    6.854922e-10    5.190407e-10
-2.500000e+00    -5.500000e+00    6.662392e-10    5.832530e-10
-1.500000e+00    -5.500000e+00    5.863038e-10    6.041548e-10
-5.000000e-01    -5.500000e+00    4.720672e-10    5.894754e-10
5.000000e-01    -5.500000e+00    3.482208e-10    5.472513e-10
1.500000e+00    -5.500000e+00    2.290553e-10    5.011764e-10
2.500000e+00    -5.500000e+00    1.169900e-10    4.584017e-10
3.500000e+00    -5.500000e+00    1.809541e-11    4.117330e-10
4.500000e+00    -5.500000e+00    -7.095796e-11    3.603076e-10
5.500000e+00    -5.500000e+00    -1.175925e-10    2.731189e-10
6.500000e+00    -5.500000e+00    -9.433530e-11    1.416648e-10
-7.500000e+00    -4.500000e+00    1.690253e-10    6.532363e-11
-6.500000e+00    -4.500000e+00    4.743445e-10    2.044564e-10
-5.500000e+00    -4.500000e+00    6.922474e-10    3.337699e-10
-4.500000e+00    -4.500000e+00    8.129164e-10    4.413010e-10
-3.500000e+00    -4.500000e+00    8.353444e-10    5.135688e-10
-2.500000e+00    -4.500000e+00    7.674493e-10    5.386648e-10
-1.500000e+00    -4.500000e+00    6.462658e-10    5.169146e-10
-5.000000e-01    -4.500000e+00    4.995965e-10    4.604047e-10
5.000000e-01    -4.500000e+00    3.635471e-10    3.843667e-10
1.500000e+00    -4.500000e+00    2.503182e-10    3.286360e-10
2.500000e+00    -4.500000e+00    1.587419e-10    2.955220e-10
3.500000e+00    -4.500000e+00    6.259473e-11    2.871946e-10
4.500000e+00    -4.500000e+00    -3.779167e-11    2.862193e-10
5.500000e+00    -4.500000e+00    -1.253593e-10    2.635710e-10
6.500000e+00    -4.500000e+00    -1.566508e-10    1.964194e-10
7.500000e+00    -4.500000e+00    -8.082250e-11    7.380907e-11
-7.500000e+00    -3.500000e+00    3.613815e-10    1.097279e-10
-6.500000e+00    -3.500000e+00    6.614563e-10    2.222092e-10
-5.500000e+00    -3.500000e+00    8.640674e-10    3.236876e-10
-4.500000e+00    -3.500000e+00    9.528078e-10    3.988495e-10
-3.500000e+00    -3.500000e+00    9.295407e-10    4.408567e-10
-2.500000e+00    -3.500000e+00    8.135987e-10    4.270219e-10
-1.500000e+00    -3.500000e+00    6.445784e-10    3.695912e-10
-5.000000e-01    -3.500000e+00    4.688531e-10    2.759590e-10
5.000000e-01    -3.500000e+00    3.353178e-10    1.778215e-10
1.500000e+00    -3.500000e+00    2.541547e-10    1.029187e-10
2.500000e+00    -3.500000e+00    2.009510e-10    7.323885e-11
3.500000e+00    -3.500000e+00    1.379026e-10    1.004476e-10
4.500000e+00    -3.500000e+00    3.407421e-11    1.499605e-10
5.500000e+00    -3.500000e+00    -8.450932e-11    1.856337e-10
6.500000e+00    -3.500000e+00    -1.698975e-10    1.768508e-10
7.500000e+00    -3.500000e+00    -1.541518e-10    1.113558e-10
-8.500000e+00    -2.500000e+00    1.285739e-10    2.505332e-11
-7.500000e+00    -2.500000e+00    5.096695e-10    1.110430e-10
-6.500000e+00    -2.500000e+00    8.039213e-10    1.933708e-10
-5.500000e+00    -2.500000e+00    9.875801e-10    2.655400e-10
-4.500000e+00    -2.500000e+00    1.044986e-09    3.127821e-10
-3.500000e+00    -2.500000e+00    9.797111e-10    3.247258e-10
-2.500000e+00    -2.500000e+00    8.107617e-10    2.948720e-10
-1.500000e+00    -2.500000e+00    5.936990e-10    2.138322e-10
-5.000000e-01    -2.500000e+00    3.979839e-10    1.084024e-10
5.000000e-01    -2.500000e+00    2.717184e-10    -8.106068e-13
1.500000e+00    -2.500000e+00    2.353142e-10    -7.363978e-11
2.500000e+00    -2.500000e+00    2.401844e-10    -9.047811e-11
3.500000e+00    -2.500000e+00    2.208622e-10    -4.829756e-11
4.500000e+00    -2.500000e+00    1.329798e-10    2.225963e-11
5.500000e+00    -2.500000e+00    -1.037345e-11    9.017911e-11
6.500000e+00    -2.500000e+00    -1.472683e-10    1.231970e-10
7.500000e+00    -2.500000e+00    -1.877577e-10    9.900414e-11
8.500000e+00    -2.500000e+00    -7.066602e-11    2.834010e-11
-8.500000e+00    -1.500000e+00    2.294349e-10    2.711916e-11
-7.500000e+00    -1.500000e+00    6.104079e-10    7.968785e-11
-6.500000e+00    -1.500000e+00    8.976570e-10    1.295819e-10
-5.500000e+00    -1.500000e+00    1.067219e-09    1.709510e-10
-4.500000e+00    -1.500000e+00    1.099124e-09    1.960106e-10
-3.500000e+00    -1.500000e+00    1.000360e-09    1.947947e-10
-2.500000e+00    -1.500000e+00    7.828087e-10    1.629717e-10
-1.500000e+00    -1.500000e+00    5.322991e-10    9.274051e-11
-5.000000e-01    -1.500000e+00    3.172730e-10    7.566771e-12
5.000000e-01    -1.500000e+00    1.985520e-10    -7.440519e-11
1.500000e+00    -1.500000e+00    2.049513e-10    -1.325871e-10
2.500000e+00    -1.500000e+00    2.694499e-10    -1.427147e-10
3.500000e+00    -1.500000e+00    2.945807e-10    -1.044322e-10
4.500000e+00    -1.500000e+00    2.295651e-10    -4.231817e-11
5.500000e+00    -1.500000e+00    6.872497e-11    2.279886e-11
6.500000e+00    -1.500000e+00    -1.096159e-10    6.222588e-11
7.500000e+00    -1.500000e+00    -1.966070e-10    6.347192e-11
8.500000e+00    -1.500000e+00    -1.193304e-10    2.838351e-11
-8.500000e+00    -5.000000e-01    2.801636e-10    1.094244e-11
-7.500000e+00    -5.000000e-01    6.615604e-10    2.889312e-11
-6.500000e+00    -5.000000e-01    9.450056e-10    4.569317e-11
-5.500000e+00    -5.000000e-01    1.104251e-09    5.992719e-11
-4.500000e+00    -5.000000e-01    1.123052e-09    6.578860e-11
-3.500000e+00    -5.000000e-01    1.000101e-09    6.224208e-11
-2.500000e+00    -5.000000e-01    7.639208e-10    4.834126e-11
-1.500000e+00    -5.000000e-01    4.878324e-10    2.630696e-11
-5.000000e-01    -5.000000e-01    2.606784e-10    -4.061648e-12
5.000000e-01    -5.000000e-01    1.522565e-10    -3.765427e-11
1.500000e+00    -5.000000e-01    1.840079e-10    -6.178074e-11
2.500000e+00    -5.000000e-01    2.864649e-10    -6.585441e-11
3.500000e+00    -5.000000e-01    3.424459e-10    -4.876641e-11
4.500000e+00    -5.000000e-01    2.879975e-10    -2.427783e-11
5.500000e+00    -5.000000e-01    1.166748e-10    1.563528e-12
6.500000e+00    -5.000000e-01    -7.894797e-11    1.827864e-11
7.500000e+00    -5.000000e-01    -1.959115e-10    2.077818e-11
8.500000e+00    -5.000000e-01    -1.408188e-10    1.088411e-11
-8.500000e+00    5.000000e-01    2.799994e-10    -1.127190e-11
-7.500000e+00    5.000000e-01    6.612198e-10    -2.894730e-11
-6.500000e+00    5.000000e-01    9.446432e-10    -4.606577e-11
-5.500000e+00    5.000000e-01    1.103371e-09    -5.867791e-11
-4.500000e+00    5.000000e-01    1.120111e-09    -6.660730e-11
-3.500000e+00    5.000000e-01    9.967045e-10    -6.745843e-11
-2.500000e+00    5.000000e-01    7.639985e-10    -4.944709e-11
-1.500000e+00    5.000000e-01    4.920864e-10    -2.709652e-11
-5.000000e-01    5.000000e-01    2.631812e-10    6.911997e-12
5.000000e-01    5.000000e-01    1.530033e-10    4.078822e-11
1.500000e+00    5.000000e-01    1.836770e-10    5.926301e-11
2.500000e+00    5.000000e-01    2.877480e-10    6.207452e-11
3.500000e+00    5.000000e-01    3.444189e-10    4.824901e-11
4.500000e+00    5.000000e-01    2.843458e-10    2.348065e-11
5.500000e+00    5.000000e-01    1.162403e-10    -1.318858e-12
6.500000e+00    5.000000e-01    -7.562531e-11    -1.617268e-11
7.500000e+00    5.000000e-01    -1.950977e-10    -2.089292e-11
8.500000e+00    5.000000e-01    -1.407572e-10    -1.122511e-11
-8.500000e+00    1.500000e+00    2.296698e-10    -2.720980e-11
-7.500000e+00    1.500000e+00    6.105779e-10    -8.002793e-11
-6.500000e+00    1.500000e+00    8.977923e-10    -1.299984e-10
-5.500000e+00    1.500000e+00    1.066522e-09    -1.716379e-10
-4.500000e+00    1.500000e+00    1.098910e-09    -1.946033e-10
-3.500000e+00    1.500000e+00    9.959033e-10    -1.957094e-10
-2.500000e+00    1.500000e+00    7.853366e-10    -1.630144e-10
-1.500000e+00    1.500000e+00    5.321088e-10    -9.458397e-11
-5.000000e-01    1.500000e+00    3.115343e-10    -1.004553e-11
5.000000e-01    1.500000e+00    1.990814e-10    7.174927e-11
1.500000e+00    1.500000e+00    2.058170e-10    1.278145e-10
2.500000e+00    1.500000e+00    2.712888e-10    1.395253e-10
3.500000e+00    1.500000e+00    2.991042e-10    1.020559e-10
4.500000e+00    1.500000e+00    2.260928e-10    3.822832e-11
5.500000e+00    1.500000e+00    7.033543e-11    -2.363459e-11
6.500000e+00    1.500000e+00    -1.090844e-10    -6.310221e-11
7.500000e+00    1.500000e+00    -1.973108e-10    -6.308162e-11
8.500000e+00    1.500000e+00    -1.189888e-10    -2.865676e-11
-8.500000e+00    2.500000e+00    1.285438e-10    -2.488973e-11
-7.500000e+00    2.500000e+00    5.095998e-10    -1.110070e-10
-6.500000e+00    2.500000e+00    8.029995e-10    -1.933177e-10
-5.500000e+00    2.500000e+00    9.860071e-10    -2.649565e-10
-4.500000e+00    2.500000e+00    1.044569e-09    -3.115678e-10
-3.500000e+00    2.500000e+00    9.759687e-10    -3.240156e-10
-2.500000e+00    2.500000e+00    8.126650e-10    -2.937878e-10
-1.500000e+00    2.500000e+00    5.931939e-10    -2.139732e-10
-5.000000e-01    2.500000e+00    3.976046e-10    -1.123259e-10
5.000000e-01    2.500000e+00    2.669573e-10    2.792966e-12
1.500000e+00    2.500000e+00    2.344808e-10    7.704465e-11
2.500000e+00    2.500000e+00    2.390802e-10    9.218676e-11
3.500000e+00    2.500000e+00    2.218835e-10    4.954709e-11
4.500000e+00    2.500000e+00    1.343030e-10    -2.206116e-11
5.500000e+00    2.500000e+00    -1.274203e-11    -9.120072e-11
6.500000e+00    2.500000e+00    -1.461693e-10    -1.192620e-10
7.500000e+00    2.500000e+00    -1.877104e-10    -9.786933e-11
8.500000e+00    2.500000e+00    -7.107630e-11    -2.825621e-11
-7.500000e+00    3.500000e+00    3.613308e-10    -1.099731e-10
-6.500000e+00    3.500000e+00    6.623484e-10    -2.228115e-10
-5.500000e+00    3.500000e+00    8.625116e-10    -3.238967e-10
-4.500000e+00    3.500000e+00    9.514397e-10    -3.998894e-10
-3.500000e+00    3.500000e+00    9.273018e-10    -4.384092e-10
-2.500000e+00    3.500000e+00    8.143321e-10    -4.275825e-10
-1.500000e+00    3.500000e+00    6.428772e-10    -3.688464e-10
-5.000000e-01    3.500000e+00    4.719979e-10    -2.776111e-10
5.000000e-01    3.500000e+00    3.342125e-10    -1.780571e-10
1.500000e+00    3.500000e+00    2.539197e-10    -1.022001e-10
2.500000e+00    3.500000e+00    2.014830e-10    -8.034177e-11
3.500000e+00    3.500000e+00    1.376825e-10    -1.041823e-10
4.500000e+00    3.500000e+00    3.463105e-11    -1.514490e-10
5.500000e+00    3.500000e+00    -8.187856e-11    -1.847813e-10
6.500000e+00    3.500000e+00    -1.690875e-10    -1.766223e-10
7.500000e+00    3.500000e+00    -1.542279e-10    -1.115387e-10
-7.500000e+00    4.500000e+00    1.686382e-10    -6.519061e-11
-6.500000e+00    4.500000e+00    4.740368e-10    -2.042983e-10
-5.500000e+00    4.500000e+00    6.926736e-10    -3.342985e-10
-4.500000e+00    4.500000e+00    8.125400e-10    -4.403430e-10
-3.500000e+00    4.500000e+00    8.332339e-10    -5.126783e-10
-2.500000e+00    4.500000e+00    7.671249e-10    -5.406486e-10
-1.500000e+00    4.500000e+00    6.455598e-10    -5.185493e-10
-5.000000e-01    4.500000e+00    4.979399e-10    -4.607380e-10
5.000000e-01    4.500000e+00    3.642745e-10    -3.892239e-10
1.500000e+00    4.500000e+00    2.541061e-10    -3.271113e-10
2.500000e+00    4.500000e+00    1.576791e-10    -2.946943e-10
3.500000e+00    4.500000e+00    6.351588e-11    -2.878526e-10
4.500000e+00    4.500000e+00    -3.705895e-11    -2.864728e-10
5.500000e+00    4.500000e+00    -1.247235e-10    -2.634858e-10
6.500000e+00    4.500000e+00    -1.566376e-10    -1.965182e-10
7.500000e+00    4.500000e+00    -8.057093e-11    -7.423541e-11
-6.500000e+00    5.500000e+00    2.460548e-10    -1.287908e-10
-5.500000e+00    5.500000e+00    4.782723e-10    -2.808837e-10
-4.500000e+00    5.500000e+00    6.250193e-10    -4.144309e-10
-3.500000e+00    5.500000e+00    6.859937e-10    -5.180139e-10
-2.500000e+00    5.500000e+00    6.648726e-10    -5.817939e-10
-1.500000e+00    5.500000e+00    5.882121e-10    -6.027428e-10
-5.000000e-01    5.500000e+00    4.706055e-10    -5.889763e-10
5.000000e-01    5.500000e+00    3.479346e-10    -5.502654e-10
1.500000e+00    5.500000e+00    2.283022e-10    -5.009944e-10
2.500000e+00    5.500000e+00    1.172639e-10    -4.581736e-10
3.500000e+00    5.500000e+00    1.429686e-11    -4.156351e-10
4.500000e+00    5.500000e+00    -7.068728e-11    -3.603929e-10
5.500000e+00    5.500000e+00    -1.181059e-10    -2.730850e-10
6.500000e+00    5.500000e+00    -9.403514e-11    -1.418339e-10
-5.500000e+00    6.500000e+00    2.262104e-10    -1.557242e-10
-4.500000e+00    6.500000e+00    3.949330e-10    -3.084110e-10
-3.500000e+00    6.500000e+00    4.872008e-10    -4.360775e-10
-2.500000e+00    6.500000e+00    5.076845e-10    -5.301914e-10
-1.500000e+00    6.500000e+00    4.695652e-10    -5.855632e-10
-5.000000e-01    6.500000e+00    3.906644e-10    -6.042093e-10
5.000000e-01    6.500000e+00    2.882831e-10    -5.903962e-10
1.500000e+00    6.500000e+00    1.828500e-10    -5.527429e-10
2.500000e+00    6.500000e+00    7.944227e-11    -4.984686e-10
3.500000e+00    6.500000e+00    -6.848596e-12    -4.207921e-10
4.500000e+00    6.500000e+00    -6.268660e-11    -3.173587e-10
5.500000e+00    6.500000e+00    -6.577473e-11    -1.734328e-10
-4.500000e+00    7.500000e+00    1.314919e-10    -1.171101e-10
-3.500000e+00    7.500000e+00    2.503704e-10    -2.574225e-10
-2.500000e+00    7.500000e+00    3.060496e-10    -3.684711e-10
-1.500000e+00    7.500000e+00    3.065506e-10    -4.452101e-10
-5.000000e-01    7.500000e+00    2.651815e-10    -4.833351e-10
5.000000e-01    7.500000e+00    1.973404e-10    -4.830059e-10
1.500000e+00    7.500000e+00    1.192239e-10    -4.482190e-10
2.500000e+00    7.500000e+00    4.579756e-11    -3.790166e-10
3.500000e+00    7.500000e+00    -8.082035e-12    -2.750802e-10
4.500000e+00    7.500000e+00    -2.410587e-11    -1.331297e-10
-2.500000e+00    8.500000e+00    7.361725e-11    -9.934829e-11
-1.500000e+00    8.500000e+00    1.105255e-10    -1.815123e-10
-5.000000e-01    8.500000e+00    1.092455e-10    -2.251102e-10
5.000000e-01    8.500000e+00    8.204289e-11    -2.279888e-10
1.500000e+00    8.500000e+00    4.410720e-11    -1.900779e-10
2.500000e+00    8.500000e+00    1.159789e-11    -1.082083e-10
