-2.500000e+00    -9.500000e+00    1.649140e-10    -4.129238e-11
-1.500000e+00    -9.500000e+00    3.444937e-10    -4.202571e-11
-5.000000e-01    -9.500000e+00    4.019078e-10    3.789651e-13
5.000000e-01    -9.500000e+00    3.579742e-10    4.253002e-11
1.500000e+00    -9.500000e+00    2.415636e-10    5.361678e-11
2.500000e+00    -9.500000e+00    8.815783e-11    2.643400e-11
-4.500000e+00    -8.500000e+00    3.626992e-10    -1.821242e-10
-3.500000e+00    -8.500000e+00    7.383513e-10    -2.581489e-10
-2.500000e+00    -8.500000e+00    9.748057e-10    -1.892056e-10
-1.500000e+00    -8.500000e+00    1.072666e-09    -3.580788e-11
-5.000000e-01    -8.500000e+00    1.044639e-09    1.327612e-10
5.000000e-01    -8.500000e+00    9.151639e-10    2.645781e-10
1.500000e+00    -8.500000e+00    7.183081e-10    3.182547e-10
2.500000e+00    -8.500000e+00    4.894201e-10    2.859321e-10
3.500000e+00    -8.500000e+00    2.632763e-10    1.839953e-10
4.500000e+00    -8.500000e+00    7.999461e-11    5.961694e-11
-6.500000e+00    -7.500000e+00    6.043505e-11    -5.203792e-11
-5.500000e+00    -7.500000e+00    6.130122e-10    -4.199984e-10
-4.500000e+00    -7.500000e+00    1.048770e-09    -5.294490e-10
-3.500000e+00    -7.500000e+00    1.348377e-09    -4.288193e-10
-2.500000e+00    -7.500000e+00    1.501732e-09    -1.875677e-10
-1.500000e+00    -7.500000e+00    1.509402e-09    1.201422e-10
-5.000000e-01    -7.500000e+00    1.388392e-09    4.102029e-10
5.000000e-01    -7.500000e+00    1.178825e-09    6.096163e-10
1.500000e+00    -7.500000e+00    9.207285e-10    6.871805e-10
2.500000e+00    -7.500000e+00    6.638409e-10    6.316223e-10
3.500000e+00    -7.500000e+00    4.272106e-10    4.830560e-10
4.500000e+00    -7.500000e+00    2.211116e-10    2.830464e-10
5.500000e+00    -7.500000e+00    5.683472e-11    8.788134e-11
6.500000e+00    -7.500000e+00    -3.832946e-12    -2.856047e-12
-7.500000e+00    -6.500000e+00    5.354013e-11    -6.179849e-11
-6.500000e+00    -6.500000e+00    6.321450e-10    -5.965906e-10
-5.500000e+00    -6.500000e+00    1.112300e-09    -8.140048e-10
-4.500000e+00    -6.500000e+00    1.469466e-09    -7.535328e-10
-3.500000e+00    -6.500000e+00    1.683312e-09    -4.754082e-10
-2.500000e+00    -6.500000e+00    1.741818e-09    -6.024992e-11
-1.500000e+00    -6.500000e+00    1.646693e-09    3.989519e-10
-5.000000e-01    -6.500000e+00    1.421064e-09    7.875057e-10
5.000000e-01    -6.500000e+00    1.118920e-09    1.024839e-09
1.500000e+00    -6.500000e+00    8.128464e-10    1.061150e-09
2.500000e+00    -6.500000e+00    5.732380e-10    9.206160e-10
3.500000e+00    -6.500000e+00    4.136533e-10    6.952447e-10
4.500000e+00    -6.500000e+00    2.965318e-10    4.598444e-10
5.500000e+00    -6.500000e+00    1.676787e-10    2.424179e-10
6.500000e+00    -6.500000e+00    2.636376e-11    5.193102e-11
7.500000e+00    -6.500000e+00    -8.468571e-12    -9.572508e-12
-7.500000e+00    -5.500000e+00    4.749615e-10    -6.224815e-10
-6.500000e+00    -5.500000e+00    9.722832e-10    -1.032453e-09
-5.500000e+00    -5.500000e+00    1.370134e-09    -1.101385e-09
-4.500000e+00    -5.500000e+00    1.641997e-09    -8.691482e-10
-3.500000e+00    -5.500000e+00    1.765561e-09    -4.100921e-10
-2.500000e+00    -5.500000e+00    1.719885e-09    1.829109e-10
-1.500000e+00    -5.500000e+00    1.497960e-09    7.848176e-10
-5.000000e-01    -5.500000e+00    1.144847e-09    1.253387e-09
5.000000e-01    -5.500000e+00    7.351770e-10    1.446362e-09
1.500000e+00    -5.500000e+00    3.834616e-10    1.337128e-09
2.500000e+00    -5.500000e+00    1.991803e-10    9.958600e-10
3.500000e+00    -5.500000e+00    2.033572e-10    6.225885e-10
4.500000e+00    -5.500000e+00    2.782209e-10    3.772988e-10
5.500000e+00    -5.500000e+00    2.960472e-10    2.615302e-10
6.500000e+00    -5.500000e+00    1.910415e-10    1.571872e-10
7.500000e+00    -5.500000e+00    2.512574e-11    1.164238e-11
-8.500000e+00    -4.500000e+00    2.144511e-10    -3.987005e-10
-7.500000e+00    -4.500000e+00    6.930996e-10    -1.076931e-09
-6.500000e+00    -4.500000e+00    1.099728e-09    -1.365465e-09
-5.500000e+00    -4.500000e+00    1.409927e-09    -1.292068e-09
-4.500000e+00    -4.500000e+00    1.598377e-09    -8.956753e-10
-3.500000e+00    -4.500000e+00    1.633553e-09    -2.531174e-10
-2.500000e+00    -4.500000e+00    1.483601e-09    5.202849e-10
-1.500000e+00    -4.500000e+00    1.147408e-09    1.255938e-09
-5.000000e-01    -4.500000e+00    6.512124e-10    1.774323e-09
5.000000e-01    -4.500000e+00    1.160581e-10    1.847243e-09
1.500000e+00    -4.500000e+00    -2.547746e-10    1.419942e-09
2.500000e+00    -4.500000e+00    -2.922642e-10    7.227144e-10
3.500000e+00    -4.500000e+00    -7.366623e-11    1.976850e-10
4.500000e+00    -4.500000e+00    8.697632e-11    3.050892e-11
5.500000e+00    -4.500000e+00    1.729839e-10    4.214191e-11
6.500000e+00    -4.500000e+00    2.584540e-10    1.257918e-10
7.500000e+00    -4.500000e+00    1.802160e-10    1.304003e-10
8.500000e+00    -4.500000e+00    5.524522e-12    -1.072046e-11
-8.500000e+00    -3.500000e+00    3.566231e-10    -8.345476e-10
-7.500000e+00    -3.500000e+00    7.327597e-10    -1.427162e-09
-6.500000e+00    -3.500000e+00    1.046358e-09    -1.609334e-09
-5.500000e+00    -3.500000e+00    1.274059e-09    -1.405378e-09
-4.500000e+00    -3.500000e+00    1.383485e-09    -8.506360e-10
-3.500000e+00    -3.500000e+00    1.346814e-09    -3.510128e-11
-2.500000e+00    -3.500000e+00    1.118072e-09    9.182325e-10
-1.500000e+00    -3.500000e+00    6.876841e-10    1.800083e-09
-5.000000e-01    -3.500000e+00    9.615323e-11    2.315052e-09
5.000000e-01    -3.500000e+00    -4.966935e-10    2.151603e-09
1.500000e+00    -3.500000e+00    -6.751124e-10    1.190350e-09
2.500000e+00    -3.500000e+00    -3.416157e-11    2.713918e-11
7.500000e+00    -3.500000e+00    1.587597e-11    1.186492e-11
8.500000e+00    -3.500000e+00    9.507720e-11    1.038782e-10
-9.500000e+00    -2.500000e+00    5.431594e-11    -2.041991e-10
-8.500000e+00    -2.500000e+00    3.590439e-10    -1.158083e-09
-7.500000e+00    -2.500000e+00    6.294687e-10    -1.679720e-09
-6.500000e+00    -2.500000e+00    8.486622e-10    -1.774282e-09
-5.500000e+00    -2.500000e+00    1.000799e-09    -1.456240e-09
-4.500000e+00    -2.500000e+00    1.054855e-09    -7.688404e-10
-3.500000e+00    -2.500000e+00    9.758538e-10    2.043579e-10
-2.500000e+00    -2.500000e+00    7.294017e-10    1.327271e-09
-1.500000e+00    -2.500000e+00    2.888964e-10    2.342192e-09
-5.000000e-01    -2.500000e+00    -3.064578e-10    2.845949e-09
5.000000e-01    -2.500000e+00    -7.538847e-10    2.243666e-09
1.500000e+00    -2.500000e+00    -4.834665e-11    6.953496e-11
8.500000e+00    -2.500000e+00    1.022814e-11    1.448309e-11
9.500000e+00    -2.500000e+00    7.386973e-12    1.569551e-11
-9.500000e+00    -1.500000e+00    7.335316e-11    -4.559174e-10
-8.500000e+00    -1.500000e+00    2.575170e-10    -1.370921e-09
-7.500000e+00    -1.500000e+00    4.192856e-10    -1.843658e-09
-6.500000e+00    -1.500000e+00    5.510685e-10    -1.872152e-09
-5.500000e+00    -1.500000e+00    6.327866e-10    -1.478065e-09
-4.500000e+00    -1.500000e+00    6.536950e-10    -6.861378e-10
-3.500000e+00    -1.500000e+00    5.777316e-10    4.129133e-10
-2.500000e+00    -1.500000e+00    3.855003e-10    1.676155e-09
-1.500000e+00    -1.500000e+00    4.445468e-11    2.801659e-09
-5.000000e-01    -1.500000e+00    -3.892473e-10    3.234956e-09
5.000000e-01    -1.500000e+00    -5.062601e-10    1.873359e-09
9.500000e+00    -1.500000e+00    2.608250e-11    9.448425e-11
-9.500000e+00    -5.000000e-01    3.081429e-11    -5.815077e-10
-8.500000e+00    -5.000000e-01    9.281012e-11    -1.477200e-09
-7.500000e+00    -5.000000e-01    1.466452e-10    -1.923565e-09
-6.500000e+00    -5.000000e-01    1.905960e-10    -1.920762e-09
-5.500000e+00    -5.000000e-01    2.175886e-10    -1.477959e-09
-4.500000e+00    -5.000000e-01    2.221244e-10    -6.342028e-10
-3.500000e+00    -5.000000e-01    1.916342e-10    5.332642e-10
-2.500000e+00    -5.000000e-01    1.195811e-10    1.871219e-09
-1.500000e+00    -5.000000e-01    -3.734421e-12    3.062775e-09
-5.000000e-01    -5.000000e-01    -1.637530e-10    3.412739e-09
5.000000e-01    -5.000000e-01    -1.273658e-10    1.304970e-09
9.500000e+00    -5.000000e-01    1.075142e-11    1.125949e-10
-9.500000e+00    5.000000e-01    -3.068517e-11    -5.815442e-10
-8.500000e+00    5.000000e-01    -9.236934e-11    -1.477032e-09
-7.500000e+00    5.000000e-01    -1.467996e-10    -1.923921e-09
-6.500000e+00    5.000000e-01    -1.899639e-10    -1.920582e-09
-5.500000e+00    5.000000e-01    -2.145413e-10    -1.480070e-09
-4.500000e+00    5.000000e-01    -2.208997e-10    -6.338556e-10
-3.500000e+00    5.000000e-01    -1.895821e-10    5.382158e-10
-2.500000e+00    5.000000e-01    -1.190340e-10    1.871212e-09
-1.500000e+00    5.000000e-01    1.057038e-11    3.059610e-09
-5.000000e-01    5.000000e-01    1.686183e-10    3.412117e-09
5.000000e-01    5.000000e-01    1.259809e-10    1.306301e-09
9.500000e+00    5.000000e-01    -1.077865e-11    1.125525e-10
-9.500000e+00    1.500000e+00    -7.333567e-11    -4.558722e-10
-8.500000e+00    1.500000e+00    -2.574708e-10    -1.370824e-09
-7.500000e+00    1.500000e+00    -4.191016e-10    -1.843293e-09
-6.500000e+00    1.500000e+00    -5.494801e-10    -1.874222e-09
-5.500000e+00    1.500000e+00    -6.341721e-10    -1.476431e-09
-4.500000e+00    1.500000e+00    -6.514082e-10    -6.867146e-10
-3.500000e+00    1.500000e+00    -5.846213e-10    4.175359e-10
-2.500000e+00    1.500000e+00    -3.847924e-10    1.681160e-09
-1.500000e+00    1.500000e+00    -5.090865e-11    2.799399e-09
-5.000000e-01    1.500000e+00    3.830714e-10    3.228317e-09
5.000000e-01    1.500000e+00    5.180722e-10    1.878337e-09
9.500000e+00    1.500000e+00    -2.630525e-11    9.506533e-11
-9.500000e+00    2.500000e+00    -5.432172e-11    -2.042991e-10
-8.500000e+00    2.500000e+00    -3.587979e-10    -1.157511e-09
-7.500000e+00    2.500000e+00    -6.280151e-10    -1.680106e-09
-6.500000e+00    2.500000e+00    -8.486887e-10    -1.774797e-09
-5.500000e+00    2.500000e+00    -9.990902e-10    -1.456565e-09
-4.500000e+00    2.500000e+00    -1.053913e-09    -7.720501e-10
-3.500000e+00    2.500000e+00    -9.715616e-10    2.081501e-10
-2.500000e+00    2.500000e+00    -7.301015e-10    1.326760e-09
-1.500000e+00    2.500000e+00    -2.828345e-10    2.347986e-09
-5.000000e-01    2.500000e+00    3.109020e-10    2.842909e-09
5.000000e-01    2.500000e+00    7.528128e-10    2.240819e-09
1.500000e+00    2.500000e+00    4.846750e-11    6.946874e-11
8.500000e+00    2.500000e+00    -1.020550e-11    1.450583e-11
9.500000e+00    2.500000e+00    -7.361405e-12    1.616754e-11
-8.500000e+00    3.500000e+00    -3.561241e-10    -8.345478e-10
-7.500000e+00    3.500000e+00    -7.327535e-10    -1.427431e-09
-6.500000e+00    3.500000e+00    -1.046284e-09    -1.608819e-09
-5.500000e+00    3.500000e+00    -1.273862e-09    -1.401873e-09
-4.500000e+00    3.500000e+00    -1.386421e-09    -8.519184e-10
-3.500000e+00    3.500000e+00    -1.345407e-09    -3.563762e-11
-2.500000e+00    3.500000e+00    -1.115356e-09    9.180980e-10
-1.500000e+00    3.500000e+00    -6.862729e-10    1.800147e-09
-5.000000e-01    3.500000e+00    -9.237679e-11    2.329288e-09
5.000000e-01    3.500000e+00    4.983844e-10    2.152951e-09
1.500000e+00    3.500000e+00    6.742386e-10    1.187366e-09
2.500000e+00    3.500000e+00    3.427630e-11    2.726797e-11
7.500000e+00    3.500000e+00    -1.598529e-11    1.189050e-11
8.500000e+00    3.500000e+00    -9.531794e-11    1.036624e-10
-8.500000e+00    4.500000e+00    -2.143202e-10    -3.982562e-10
-7.500000e+00    4.500000e+00    -6.932859e-10    -1.076637e-09
-6.500000e+00    4.500000e+00    -1.099023e-09    -1.367692e-09
-5.500000e+00    4.500000e+00    -1.410643e-09    -1.290197e-09
-4.500000e+00    4.500000e+00    -1.599010e-09    -8.948905e-10
-3.500000e+00    4.500000e+00    -1.634209e-09    -2.499009e-10
-2.500000e+00    4.500000e+00    -1.484802e-09    5.138391e-10
-1.500000e+00    4.500000e+00    -1.143228e-09    1.264110e-09
-5.000000e-01    4.500000e+00    -6.511252e-10    1.766222e-09
5.000000e-01    4.500000e+00    -1.116480e-10    1.847842e-09
1.500000e+00    4.500000e+00    2.567331e-10    1.426194e-09
2.500000e+00    4.500000e+00    2.872849e-10    7.214326e-10
3.500000e+00    4.500000e+00    6.969430e-11    2.009475e-10
4.500000e+00    4.500000e+00    -8.863464e-11    2.917948e-11
5.500000e+00    4.500000e+00    -1.729433e-10    4.365197e-11
6.500000e+00    4.500000e+00    -2.612815e-10    1.261139e-10
7.500000e+00    4.500000e+00    -1.824125e-10    1.308290e-10
8.500000e+00    4.500000e+00    -5.544697e-12    -1.127030e-11
-7.500000e+00    5.500000e+00    -4.750139e-10    -6.223409e-10
-6.500000e+00    5.500000e+00    -9.724099e-10    -1.033267e-09
-5.500000e+00    5.500000e+00    -1.369658e-09    -1.101704e-09
-4.500000e+00    5.500000e+00    -1.642040e-09    -8.723739e-10
-3.500000e+00    5.500000e+00    -1.764228e-09    -4.104408e-10
-2.500000e+00    5.500000e+00    -1.716708e-09    1.797211e-10
-1.500000e+00    5.500000e+00    -1.498041e-09    7.859863e-10
-5.000000e-01    5.500000e+00    -1.142785e-09    1.242702e-09
5.000000e-01    5.500000e+00    -7.323237e-10    1.444648e-09
1.500000e+00    5.500000e+00    -3.825250e-10    1.340208e-09
2.500000e+00    5.500000e+00    -2.012079e-10    9.924266e-10
3.500000e+00    5.500000e+00    -2.057316e-10    6.235943e-10
4.500000e+00    5.500000e+00    -2.772905e-10    3.766054e-10
5.500000e+00    5.500000e+00    -2.969457e-10    2.583977e-10
6.500000e+00    5.500000e+00    -1.945396e-10    1.596817e-10
7.500000e+00    5.500000e+00    -2.555916e-11    1.269007e-11
-7.500000e+00    6.500000e+00    -5.355121e-11    -6.176257e-11
-6.500000e+00    6.500000e+00    -6.322147e-10    -5.968084e-10
-5.500000e+00    6.500000e+00    -1.112260e-09    -8.139953e-10
-4.500000e+00    6.500000e+00    -1.469561e-09    -7.544655e-10
-3.500000e+00    6.500000e+00    -1.684171e-09    -4.768513e-10
-2.500000e+00    6.500000e+00    -1.741609e-09    -6.017279e-11
-1.500000e+00    6.500000e+00    -1.647051e-09    3.982396e-10
-5.000000e-01    6.500000e+00    -1.419906e-09    7.889442e-10
5.000000e-01    6.500000e+00    -1.116053e-09    1.019625e-09
1.500000e+00    6.500000e+00    -8.123171e-10    1.061046e-09
2.500000e+00    6.500000e+00    -5.736713e-10    9.237036e-10
3.500000e+00    6.500000e+00    -4.167586e-10    6.959987e-10
4.500000e+00    6.500000e+00    -2.985775e-10    4.617787e-10
5.500000e+00    6.500000e+00    -1.673660e-10    2.429881e-10
6.500000e+00    6.500000e+00    -2.695099e-11    5.298282e-11
7.500000e+00    6.500000e+00    8.517536e-12    -9.593934e-12
-6.500000e+00    7.500000e+00    -6.043931e-11    -5.203410e-11
-5.500000e+00    7.500000e+00    -6.128371e-10    -4.203851e-10
-4.500000e+00    7.500000e+00    -1.048758e-09    -5.295505e-10
-3.500000e+00    7.500000e+00    -1.348253e-09    -4.308565e-10
-2.500000e+00    7.500000e+00    -1.501154e-09    -1.894819e-10
-1.500000e+00    7.500000e+00    -1.507273e-09    1.179638e-10
-5.000000e-01    7.500000e+00    -1.389278e-09    4.078986e-10
5.000000e-01    7.500000e+00    -1.177490e-09    6.135645e-10
1.500000e+00    7.500000e+00    -9.223248e-10    6.856117e-10
2.500000e+00    7.500000e+00    -6.656767e-10    6.373119e-10
3.500000e+00    7.500000e+00    -4.296913e-10    4.832897e-10
4.500000e+00    7.500000e+00    -2.245645e-10    2.848889e-10
5.500000e+00    7.500000e+00    -5.767476e-11    8.966047e-11
6.500000e+00    7.500000e+00    3.746750e-12    -2.727245e-12
-4.500000e+00    8.500000e+00    -3.630375e-10    -1.825768e-10
-3.500000e+00    8.500000e+00    -7.385585e-10    -2.583529e-10
-2.500000e+00    8.500000e+00    -9.748553e-10    -1.899746e-10
-1.500000e+00    8.500000e+00    -1.072190e-09    -3.752970e-11
-5.000000e-01    8.500000e+00    -1.044513e-09    1.314205e-10
5.000000e-01    8.500000e+00    -9.154079e-10    2.624557e-10
1.500000e+00    8.500000e+00    -7.185966e-10    3.181037e-10
2.500000e+00    8.500000e+00    -4.904521e-10    2.864755e-10
3.500000e+00    8.500000e+00    -2.640579e-10    1.847624e-10
4.500000e+00    8.500000e+00    -7.943340e-11    5.996292e-11
-2.500000e+00    9.500000e+00    -1.648620e-10    -4.122851e-11
-1.500000e+00    9.500000e+00    -3.441926e-10    -4.216968e-11
-5.000000e-01    9.500000e+00    -4.020957e-10    5.434247e-13
5.000000e-01    9.500000e+00    -3.580096e-10    4.230103e-11
1.500000e+00    9.500000e+00    -2.411130e-10    5.379848e-11
2.500000e+00    9.500000e+00    -8.809756e-11    2.647085e-11
