-2.500000e+00    -9.500000e+00    -3.416265e-12    1.263143e-12
-1.500000e+00    -9.500000e+00    -9.576933e-12    3.419913e-12
-5.000000e-01    -9.500000e+00    -1.570868e-11    3.229056e-12
5.000000e-01    -9.500000e+00    -1.891940e-11    1.280659e-12
1.500000e+00    -9.500000e+00    -1.773943e-11    -1.205817e-12
2.500000e+00    -9.500000e+00    -9.172351e-12    -2.160251e-12
-4.500000e+00    -8.500000e+00    -3.580660e-12    3.799168e-12
-3.500000e+00    -8.500000e+00    -9.239850e-12    1.201765e-11
-2.500000e+00    -8.500000e+00    -1.889367e-11    1.852652e-11
-1.500000e+00    -8.500000e+00    -3.168684e-11    1.949444e-11
-5.000000e-01    -8.500000e+00    -4.671890e-11    1.238194e-11
5.000000e-01    -8.500000e+00    -5.711117e-11    1.516206e-12
1.500000e+00    -8.500000e+00    -6.226372e-11    -1.014372e-11
2.500000e+00    -8.500000e+00    -5.987213e-11    -1.911449e-11
3.500000e+00    -8.500000e+00    -4.696534e-11    -1.876954e-11
4.500000e+00    -8.500000e+00    -2.423574e-11    -1.248115e-11
-6.500000e+00    -7.500000e+00    -3.234207e-13    3.546414e-13
-5.500000e+00    -7.500000e+00    -1.396363e-12    8.971558e-12
-4.500000e+00    -7.500000e+00    -3.599002e-12    2.221062e-11
-3.500000e+00    -7.500000e+00    -1.352640e-11    3.200096e-11
-2.500000e+00    -7.500000e+00    -3.186200e-11    3.136285e-11
-1.500000e+00    -7.500000e+00    -5.661545e-11    1.593564e-11
-5.000000e-01    -7.500000e+00    -7.981187e-11    -9.888854e-12
5.000000e-01    -7.500000e+00    -9.544864e-11    -4.201800e-11
1.500000e+00    -7.500000e+00    -1.009218e-10    -6.688939e-11
2.500000e+00    -7.500000e+00    -9.478477e-11    -8.056132e-11
3.500000e+00    -7.500000e+00    -8.358296e-11    -7.372956e-11
4.500000e+00    -7.500000e+00    -6.671517e-11    -5.901478e-11
5.500000e+00    -7.500000e+00    -4.222983e-11    -3.604821e-11
6.500000e+00    -7.500000e+00    -4.470112e-12    -3.764533e-12
-7.500000e+00    -6.500000e+00    -1.524640e-13    2.584574e-13
-6.500000e+00    -6.500000e+00    2.855390e-12    9.790698e-12
-5.500000e+00    -6.500000e+00    6.376384e-12    2.550644e-11
-4.500000e+00    -6.500000e+00    2.779655e-13    3.673402e-11
-3.500000e+00    -6.500000e+00    -2.053100e-11    3.842148e-11
-2.500000e+00    -6.500000e+00    -5.594394e-11    1.511977e-11
-1.500000e+00    -6.500000e+00    -9.925994e-11    -3.460009e-11
-5.000000e-01    -6.500000e+00    -1.312119e-10    -1.034028e-10
5.000000e-01    -6.500000e+00    -1.415495e-10    -1.752017e-10
1.500000e+00    -6.500000e+00    -1.292713e-10    -2.234858e-10
2.500000e+00    -6.500000e+00    -1.053749e-10    -2.369934e-10
3.500000e+00    -6.500000e+00    -7.974366e-11    -2.124360e-10
4.500000e+00    -6.500000e+00    -6.547230e-11    -1.639859e-10
5.500000e+00    -6.500000e+00    -5.713818e-11    -1.056283e-10
6.500000e+00    -6.500000e+00    -4.054835e-11    -5.432023e-11
7.500000e+00    -6.500000e+00    -3.958565e-12    -4.560087e-12
-7.500000e+00    -5.500000e+00    3.811719e-12    6.221873e-12
-6.500000e+00    -5.500000e+00    1.420273e-11    2.155093e-11
-5.500000e+00    -5.500000e+00    1.755184e-11    3.771003e-11
-4.500000e+00    -5.500000e+00    4.330853e-13    4.287307e-11
-3.500000e+00    -5.500000e+00    -4.652258e-11    1.798648e-11
-2.500000e+00    -5.500000e+00    -1.142268e-10    -4.670707e-11
-1.500000e+00    -5.500000e+00    -1.827817e-10    -1.521816e-10
-5.000000e-01    -5.500000e+00    -2.256434e-10    -2.870513e-10
5.000000e-01    -5.500000e+00    -2.158254e-10    -4.121319e-10
1.500000e+00    -5.500000e+00    -1.569823e-10    -4.919067e-10
2.500000e+00    -5.500000e+00    -7.650653e-11    -5.011651e-10
3.500000e+00    -5.500000e+00    -1.319375e-11    -4.441495e-10
4.500000e+00    -5.500000e+00    8.344567e-12    -3.415802e-10
5.500000e+00    -5.500000e+00    -3.521927e-12    -2.264956e-10
6.500000e+00    -5.500000e+00    -2.773321e-11    -1.271070e-10
7.500000e+00    -5.500000e+00    -2.570394e-11    -5.325951e-11
-8.500000e+00    -4.500000e+00    1.490781e-12    1.853766e-12
-7.500000e+00    -4.500000e+00    1.434682e-11    1.333930e-11
-6.500000e+00    -4.500000e+00    2.773444e-11    2.931548e-11
-5.500000e+00    -4.500000e+00    2.089228e-11    3.879428e-11
-4.500000e+00    -4.500000e+00    -1.796257e-11    2.801490e-11
-3.500000e+00    -4.500000e+00    -1.020930e-10    -2.878217e-11
-2.500000e+00    -4.500000e+00    -2.196665e-10    -1.393633e-10
-1.500000e+00    -4.500000e+00    -3.335236e-10    -3.191399e-10
-5.000000e-01    -4.500000e+00    -3.782294e-10    -5.169362e-10
5.000000e-01    -4.500000e+00    -3.194411e-10    -6.770539e-10
1.500000e+00    -4.500000e+00    -1.768109e-10    -7.255966e-10
2.500000e+00    -4.500000e+00    -1.824022e-11    -6.977119e-10
3.500000e+00    -4.500000e+00    9.772475e-11    -6.331934e-10
4.500000e+00    -4.500000e+00    1.549908e-10    -5.229413e-10
5.500000e+00    -4.500000e+00    1.305925e-10    -3.694519e-10
6.500000e+00    -4.500000e+00    5.714941e-11    -2.198690e-10
7.500000e+00    -4.500000e+00    -1.745786e-12    -1.054010e-10
8.500000e+00    -4.500000e+00    -1.135138e-11    -2.794429e-11
-8.500000e+00    -3.500000e+00    7.819773e-12    5.041991e-12
-7.500000e+00    -3.500000e+00    2.662177e-11    1.683018e-11
-6.500000e+00    -3.500000e+00    4.097580e-11    3.149408e-11
-5.500000e+00    -3.500000e+00    2.015662e-11    3.248431e-11
-4.500000e+00    -3.500000e+00    -5.488765e-11    3.934941e-12
-3.500000e+00    -3.500000e+00    -1.940006e-10    -7.880012e-11
-2.500000e+00    -3.500000e+00    -3.822166e-10    -2.376625e-10
-1.500000e+00    -3.500000e+00    -5.399418e-10    -4.589381e-10
-5.000000e-01    -3.500000e+00    -5.399671e-10    -6.442193e-10
5.000000e-01    -3.500000e+00    -3.199524e-10    -5.969503e-10
1.500000e+00    -3.500000e+00    -6.824201e-11    -2.697686e-10
2.500000e+00    -3.500000e+00    1.721114e-12    -4.286014e-11
3.500000e+00    -3.500000e+00    6.989125e-11    -2.283030e-10
4.500000e+00    -3.500000e+00    2.383470e-10    -4.439410e-10
5.500000e+00    -3.500000e+00    2.963350e-10    -4.347950e-10
6.500000e+00    -3.500000e+00    2.042672e-10    -2.928198e-10
7.500000e+00    -3.500000e+00    7.333069e-11    -1.523844e-10
8.500000e+00    -3.500000e+00    8.722253e-13    -5.725153e-11
-9.500000e+00    -2.500000e+00    3.720932e-13    2.940671e-13
-8.500000e+00    -2.500000e+00    1.593006e-11    6.444232e-12
-7.500000e+00    -2.500000e+00    3.762506e-11    1.667638e-11
-6.500000e+00    -2.500000e+00    4.639682e-11    2.509710e-11
-5.500000e+00    -2.500000e+00    5.914216e-12    2.067671e-11
-4.500000e+00    -2.500000e+00    -1.070651e-10    -1.497455e-11
-3.500000e+00    -2.500000e+00    -3.149221e-10    -1.121818e-10
-2.500000e+00    -2.500000e+00    -5.760331e-10    -2.768308e-10
-1.500000e+00    -2.500000e+00    -7.299492e-10    -4.740924e-10
-5.000000e-01    -2.500000e+00    -4.697941e-10    -4.173329e-10
5.500000e+00    -2.500000e+00    2.977376e-10    -2.662972e-10
6.500000e+00    -2.500000e+00    3.496233e-10    -2.816352e-10
7.500000e+00    -2.500000e+00    1.805902e-10    -1.648551e-10
8.500000e+00    -2.500000e+00    3.777844e-11    -6.925545e-11
9.500000e+00    -2.500000e+00    -1.271570e-12    -8.646682e-12
-9.500000e+00    -1.500000e+00    2.151471e-12    5.633439e-13
-8.500000e+00    -1.500000e+00    2.225871e-11    4.959642e-12
-7.500000e+00    -1.500000e+00    4.825028e-11    1.262686e-11
-6.500000e+00    -1.500000e+00    4.630385e-11    1.587961e-11
-5.500000e+00    -1.500000e+00    -5.970225e-12    1.040580e-11
-4.500000e+00    -1.500000e+00    -1.639429e-10    -2.201174e-11
-3.500000e+00    -1.500000e+00    -4.259251e-10    -9.730251e-11
-2.500000e+00    -1.500000e+00    -7.427547e-10    -2.258728e-10
-1.500000e+00    -1.500000e+00    -8.005067e-10    -3.132585e-10
6.500000e+00    -1.500000e+00    4.099404e-10    -1.811378e-10
7.500000e+00    -1.500000e+00    2.779448e-10    -1.277727e-10
8.500000e+00    -1.500000e+00    8.350959e-11    -5.688971e-11
9.500000e+00    -1.500000e+00    3.454670e-12    -1.271332e-11
-9.500000e+00    -5.000000e-01    3.335846e-12    1.170386e-13
-8.500000e+00    -5.000000e-01    2.582805e-11    2.141193e-12
-7.500000e+00    -5.000000e-01    5.105328e-11    4.267740e-12
-6.500000e+00    -5.000000e-01    4.698359e-11    6.733135e-12
-5.500000e+00    -5.000000e-01    -1.722542e-11    2.761510e-12
-4.500000e+00    -5.000000e-01    -1.918426e-10    -1.126793e-11
-3.500000e+00    -5.000000e-01    -4.969390e-10    -4.189673e-11
-2.500000e+00    -5.000000e-01    -8.396462e-10    -8.208735e-11
-1.500000e+00    -5.000000e-01    -7.401819e-10    -9.806272e-11
6.500000e+00    -5.000000e-01    3.925126e-10    -5.538399e-11
7.500000e+00    -5.000000e-01    3.310328e-10    -4.573184e-11
8.500000e+00    -5.000000e-01    1.132801e-10    -2.176318e-11
9.500000e+00    -5.000000e-01    8.311060e-12    -5.556225e-12
-9.500000e+00    5.000000e-01    3.495280e-12    -9.148002e-14
-8.500000e+00    5.000000e-01    2.642255e-11    -1.667293e-12
-7.500000e+00    5.000000e-01    5.168539e-11    -4.569404e-12
-6.500000e+00    5.000000e-01    4.761813e-11    -4.230833e-12
-5.500000e+00    5.000000e-01    -2.049020e-11    -3.662045e-12
-4.500000e+00    5.000000e-01    -1.912570e-10    9.069100e-12
-3.500000e+00    5.000000e-01    -4.976250e-10    3.893359e-11
-2.500000e+00    5.000000e-01    -8.354095e-10    8.414453e-11
-1.500000e+00    5.000000e-01    -7.396911e-10    9.692861e-11
6.500000e+00    5.000000e-01    3.921836e-10    5.313856e-11
7.500000e+00    5.000000e-01    3.335128e-10    4.839112e-11
8.500000e+00    5.000000e-01    1.152281e-10    2.289810e-11
9.500000e+00    5.000000e-01    8.893248e-12    5.672979e-12
-9.500000e+00    1.500000e+00    2.193119e-12    -5.157172e-13
-8.500000e+00    1.500000e+00    2.191648e-11    -5.079415e-12
-7.500000e+00    1.500000e+00    4.685116e-11    -1.163044e-11
-6.500000e+00    1.500000e+00    4.892539e-11    -1.628827e-11
-5.500000e+00    1.500000e+00    -6.094677e-12    -1.015868e-11
-4.500000e+00    1.500000e+00    -1.617439e-10    2.207006e-11
-3.500000e+00    1.500000e+00    -4.253114e-10    9.675808e-11
-2.500000e+00    1.500000e+00    -7.441662e-10    2.234559e-10
-1.500000e+00    1.500000e+00    -7.964651e-10    3.085241e-10
6.500000e+00    1.500000e+00    4.102379e-10    1.783745e-10
7.500000e+00    1.500000e+00    2.794911e-10    1.262708e-10
8.500000e+00    1.500000e+00    8.167147e-11    5.703620e-11
9.500000e+00    1.500000e+00    2.468748e-12    1.275736e-11
-9.500000e+00    2.500000e+00    4.207183e-13    -3.102560e-13
-8.500000e+00    2.500000e+00    1.562146e-11    -6.156084e-12
-7.500000e+00    2.500000e+00    3.870336e-11    -1.665533e-11
-6.500000e+00    2.500000e+00    4.719759e-11    -2.482052e-11
-5.500000e+00    2.500000e+00    7.592876e-12    -1.922354e-11
-4.500000e+00    2.500000e+00    -1.093111e-10    1.747649e-11
-3.500000e+00    2.500000e+00    -3.104903e-10    1.107853e-10
-2.500000e+00    2.500000e+00    -5.731991e-10    2.772757e-10
-1.500000e+00    2.500000e+00    -7.307235e-10    4.675444e-10
-5.000000e-01    2.500000e+00    -4.694077e-10    4.214615e-10
5.500000e+00    2.500000e+00    2.890390e-10    2.613355e-10
6.500000e+00    2.500000e+00    3.457781e-10    2.808324e-10
7.500000e+00    2.500000e+00    1.783755e-10    1.634189e-10
8.500000e+00    2.500000e+00    3.774825e-11    7.002234e-11
9.500000e+00    2.500000e+00    -1.393667e-12    8.546555e-12
-8.500000e+00    3.500000e+00    7.152896e-12    -4.388216e-12
-7.500000e+00    3.500000e+00    2.759715e-11    -1.672549e-11
-6.500000e+00    3.500000e+00    4.084934e-11    -3.137383e-11
-5.500000e+00    3.500000e+00    1.984633e-11    -3.021097e-11
-4.500000e+00    3.500000e+00    -5.878245e-11    -9.316074e-13
-3.500000e+00    3.500000e+00    -1.953253e-10    7.907267e-11
-2.500000e+00    3.500000e+00    -3.792542e-10    2.360215e-10
-1.500000e+00    3.500000e+00    -5.423408e-10    4.610528e-10
-5.000000e-01    3.500000e+00    -5.342301e-10    6.449358e-10
5.000000e-01    3.500000e+00    -3.183541e-10    5.955452e-10
1.500000e+00    3.500000e+00    -6.845693e-11    2.698189e-10
2.500000e+00    3.500000e+00    1.676953e-12    4.294559e-11
3.500000e+00    3.500000e+00    7.127947e-11    2.304924e-10
4.500000e+00    3.500000e+00    2.312607e-10    4.358145e-10
5.500000e+00    3.500000e+00    2.942486e-10    4.296476e-10
6.500000e+00    3.500000e+00    2.020022e-10    2.897557e-10
7.500000e+00    3.500000e+00    7.152698e-11    1.508620e-10
8.500000e+00    3.500000e+00    6.733892e-13    5.677090e-11
-8.500000e+00    4.500000e+00    1.541642e-12    -1.888528e-12
-7.500000e+00    4.500000e+00    1.429317e-11    -1.308291e-11
-6.500000e+00    4.500000e+00    2.740439e-11    -2.900466e-11
-5.500000e+00    4.500000e+00    2.339795e-11    -4.072442e-11
-4.500000e+00    4.500000e+00    -1.871118e-11    -2.620100e-11
-3.500000e+00    4.500000e+00    -1.014657e-10    2.506646e-11
-2.500000e+00    4.500000e+00    -2.195366e-10    1.414902e-10
-1.500000e+00    4.500000e+00    -3.309617e-10    3.174658e-10
-5.000000e-01    4.500000e+00    -3.799398e-10    5.177931e-10
5.000000e-01    4.500000e+00    -3.147409e-10    6.718278e-10
1.500000e+00    4.500000e+00    -1.755148e-10    7.236862e-10
2.500000e+00    4.500000e+00    -2.025500e-11    6.975557e-10
3.500000e+00    4.500000e+00    1.011361e-10    6.330223e-10
4.500000e+00    4.500000e+00    1.540561e-10    5.224612e-10
5.500000e+00    4.500000e+00    1.304371e-10    3.708129e-10
6.500000e+00    4.500000e+00    5.636097e-11    2.198417e-10
7.500000e+00    4.500000e+00    -1.510715e-12    1.064345e-10
8.500000e+00    4.500000e+00    -1.098353e-11    2.792344e-11
-7.500000e+00    5.500000e+00    3.696796e-12    -6.083237e-12
-6.500000e+00    5.500000e+00    1.472697e-11    -2.201409e-11
-5.500000e+00    5.500000e+00    1.611171e-11    -3.685113e-11
-4.500000e+00    5.500000e+00    5.704566e-13    -4.213359e-11
-3.500000e+00    5.500000e+00    -4.626790e-11    -1.694282e-11
-2.500000e+00    5.500000e+00    -1.099780e-10    4.395482e-11
-1.500000e+00    5.500000e+00    -1.822935e-10    1.508543e-10
-5.000000e-01    5.500000e+00    -2.251236e-10    2.879340e-10
5.000000e-01    5.500000e+00    -2.155512e-10    4.150698e-10
1.500000e+00    5.500000e+00    -1.539632e-10    4.886494e-10
2.500000e+00    5.500000e+00    -7.671282e-11    4.997334e-10
3.500000e+00    5.500000e+00    -1.450062e-11    4.420258e-10
4.500000e+00    5.500000e+00    9.072164e-12    3.399684e-10
5.500000e+00    5.500000e+00    -5.206541e-12    2.254306e-10
6.500000e+00    5.500000e+00    -2.634277e-11    1.282493e-10
7.500000e+00    5.500000e+00    -2.564173e-11    5.333150e-11
-7.500000e+00    6.500000e+00    -1.456797e-13    -2.810897e-13
-6.500000e+00    6.500000e+00    2.819888e-12    -9.237693e-12
-5.500000e+00    6.500000e+00    6.845962e-12    -2.506874e-11
-4.500000e+00    6.500000e+00    3.387445e-13    -3.840429e-11
-3.500000e+00    6.500000e+00    -2.000224e-11    -3.765477e-11
-2.500000e+00    6.500000e+00    -5.687258e-11    -1.330984e-11
-1.500000e+00    6.500000e+00    -9.715208e-11    3.399160e-11
-5.000000e-01    6.500000e+00    -1.316010e-10    1.007543e-10
5.000000e-01    6.500000e+00    -1.412209e-10    1.713462e-10
1.500000e+00    6.500000e+00    -1.299572e-10    2.216815e-10
2.500000e+00    6.500000e+00    -1.033152e-10    2.370514e-10
3.500000e+00    6.500000e+00    -7.985757e-11    2.094963e-10
4.500000e+00    6.500000e+00    -6.626502e-11    1.619569e-10
5.500000e+00    6.500000e+00    -5.650994e-11    1.067575e-10
6.500000e+00    6.500000e+00    -3.997170e-11    5.417122e-11
7.500000e+00    6.500000e+00    -3.939878e-12    4.560859e-12
-6.500000e+00    7.500000e+00    -2.973206e-13    -3.296490e-13
-5.500000e+00    7.500000e+00    -8.209906e-13    -9.099015e-12
-4.500000e+00    7.500000e+00    -3.599843e-12    -2.188708e-11
-3.500000e+00    7.500000e+00    -1.326391e-11    -3.138432e-11
-2.500000e+00    7.500000e+00    -3.094153e-11    -3.154020e-11
-1.500000e+00    7.500000e+00    -5.650620e-11    -1.775491e-11
-5.000000e-01    7.500000e+00    -7.953610e-11    1.117337e-11
5.000000e-01    7.500000e+00    -9.453793e-11    4.179662e-11
1.500000e+00    7.500000e+00    -9.936997e-11    6.809714e-11
2.500000e+00    7.500000e+00    -9.411372e-11    7.980451e-11
3.500000e+00    7.500000e+00    -8.391595e-11    7.491759e-11
4.500000e+00    7.500000e+00    -6.771588e-11    5.833909e-11
5.500000e+00    7.500000e+00    -4.239013e-11    3.537073e-11
6.500000e+00    7.500000e+00    -4.381486e-12    3.799091e-12
-4.500000e+00    8.500000e+00    -3.302965e-12    -4.082795e-12
-3.500000e+00    8.500000e+00    -9.166410e-12    -1.233004e-11
-2.500000e+00    8.500000e+00    -1.860932e-11    -1.824693e-11
-1.500000e+00    8.500000e+00    -3.212131e-11    -1.851422e-11
-5.000000e-01    8.500000e+00    -4.555919e-11    -1.299983e-11
5.000000e-01    8.500000e+00    -5.610806e-11    -4.073041e-12
1.500000e+00    8.500000e+00    -6.120192e-11    7.706763e-12
2.500000e+00    8.500000e+00    -5.901892e-11    1.712907e-11
3.500000e+00    8.500000e+00    -4.625579e-11    1.871029e-11
4.500000e+00    8.500000e+00    -2.362587e-11    1.298354e-11
-2.500000e+00    9.500000e+00    -3.504651e-12    -1.262592e-12
-1.500000e+00    9.500000e+00    -9.549476e-12    -3.433952e-12
-5.000000e-01    9.500000e+00    -1.563120e-11    -3.443684e-12
5.000000e-01    9.500000e+00    -1.939783e-11    -1.011128e-12
1.500000e+00    9.500000e+00    -1.737491e-11    1.694995e-12
2.500000e+00    9.500000e+00    -8.988594e-12    2.184298e-12
