-2.500000e-01    -9.500000e-01    3.916481e-11    -7.724545e-12
-1.500000e-01    -9.500000e-01    5.287944e-11    4.626590e-12
-5.000000e-02    -9.500000e-01    2.259499e-11    2.007174e-11
5.000000e-02    -9.500000e-01    -2.248531e-11    2.046675e-11
1.500000e-01    -9.500000e-01    -5.266792e-11    4.617506e-12
2.500000e-01    -9.500000e-01    -3.901373e-11    -7.649340e-12
-4.500000e-01    -8.500000e-01    1.458354e-10    -6.286163e-11
-3.500000e-01    -8.500000e-01    2.430131e-10    -3.760293e-11
-2.500000e-01    -8.500000e-01    2.442692e-10    4.850959e-11
-1.500000e-01    -8.500000e-01    1.741901e-10    1.376656e-10
-5.000000e-02    -8.500000e-01    6.320987e-11    1.928167e-10
5.000000e-02    -8.500000e-01    -6.291254e-11    1.919066e-10
1.500000e-01    -8.500000e-01    -1.746520e-10    1.378865e-10
2.500000e-01    -8.500000e-01    -2.441874e-10    4.785375e-11
3.500000e-01    -8.500000e-01    -2.429021e-10    -3.810526e-11
4.500000e-01    -8.500000e-01    -1.456214e-10    -6.278652e-11
-6.500000e-01    -7.500000e-01    3.355548e-11    -2.862011e-11
-5.500000e-01    -7.500000e-01    2.996015e-10    -1.690918e-10
-4.500000e-01    -7.500000e-01    4.367611e-10    -1.101177e-10
-3.500000e-01    -7.500000e-01    4.585619e-10    5.772745e-11
-2.500000e-01    -7.500000e-01    3.898526e-10    2.519756e-10
-1.500000e-01    -7.500000e-01    2.580503e-10    4.127615e-10
-5.000000e-02    -7.500000e-01    9.038641e-11    4.997546e-10
5.000000e-02    -7.500000e-01    -8.980166e-11    5.027821e-10
1.500000e-01    -7.500000e-01    -2.596703e-10    4.123656e-10
2.500000e-01    -7.500000e-01    -3.905568e-10    2.512952e-10
3.500000e-01    -7.500000e-01    -4.586118e-10    5.643413e-11
4.500000e-01    -7.500000e-01    -4.369017e-10    -1.106906e-10
5.500000e-01    -7.500000e-01    -2.996909e-10    -1.694906e-10
6.500000e-01    -7.500000e-01    -3.355629e-11    -2.852753e-11
-7.500000e-01    -6.500000e-01    3.463394e-11    -3.964083e-11
-6.500000e-01    -6.500000e-01    3.645387e-10    -2.959612e-10
-5.500000e-01    -6.500000e-01    5.578526e-10    -2.530568e-10
-4.500000e-01    -6.500000e-01    6.202050e-10    -2.860475e-11
-3.500000e-01    -6.500000e-01    5.771045e-10    2.654933e-10
-2.500000e-01    -6.500000e-01    4.552951e-10    5.542245e-10
-1.500000e-01    -6.500000e-01    2.870045e-10    7.670861e-10
-5.000000e-02    -6.500000e-01    9.645464e-11    8.855130e-10
5.000000e-02    -6.500000e-01    -9.777717e-11    8.828745e-10
1.500000e-01    -6.500000e-01    -2.868738e-10    7.659316e-10
2.500000e-01    -6.500000e-01    -4.533867e-10    5.518197e-10
3.500000e-01    -6.500000e-01    -5.760808e-10    2.640652e-10
4.500000e-01    -6.500000e-01    -6.204568e-10    -3.084280e-11
5.500000e-01    -6.500000e-01    -5.577719e-10    -2.533772e-10
6.500000e-01    -6.500000e-01    -3.645402e-10    -2.946759e-10
7.500000e-01    -6.500000e-01    -3.457190e-11    -3.963711e-11
-7.500000e-01    -5.500000e-01    3.175882e-10    -3.745256e-10
-6.500000e-01    -5.500000e-01    5.715299e-10    -4.442225e-10
-5.500000e-01    -5.500000e-01    6.841190e-10    -2.228296e-10
-4.500000e-01    -5.500000e-01    6.712369e-10    1.464774e-10
-3.500000e-01    -5.500000e-01    5.650983e-10    5.497564e-10
-2.500000e-01    -5.500000e-01    4.089980e-10    8.911033e-10
-1.500000e-01    -5.500000e-01    2.400819e-10    1.128386e-09
-5.000000e-02    -5.500000e-01    7.861460e-11    1.244991e-09
5.000000e-02    -5.500000e-01    -7.801674e-11    1.244448e-09
1.500000e-01    -5.500000e-01    -2.401090e-10    1.128717e-09
2.500000e-01    -5.500000e-01    -4.088683e-10    8.868659e-10
3.500000e-01    -5.500000e-01    -5.630140e-10    5.485948e-10
4.500000e-01    -5.500000e-01    -6.701648e-10    1.479904e-10
5.500000e-01    -5.500000e-01    -6.836542e-10    -2.243032e-10
6.500000e-01    -5.500000e-01    -5.710508e-10    -4.436912e-10
7.500000e-01    -5.500000e-01    -3.170673e-10    -3.750186e-10
-8.500000e-01    -4.500000e-01    1.640582e-10    -2.912366e-10
-7.500000e-01    -4.500000e-01    4.725472e-10    -6.032306e-10
-6.500000e-01    -4.500000e-01    6.395438e-10    -4.867518e-10
-5.500000e-01    -4.500000e-01    6.611096e-10    -9.936617e-11
-4.500000e-01    -4.500000e-01    5.641966e-10    3.895706e-10
-3.500000e-01    -4.500000e-01    3.952172e-10    8.474376e-10
-2.500000e-01    -4.500000e-01    2.203772e-10    1.187085e-09
-1.500000e-01    -4.500000e-01    9.155841e-11    1.382409e-09
-5.000000e-02    -4.500000e-01    2.342727e-11    1.458410e-09
5.000000e-02    -4.500000e-01    -2.241385e-11    1.461315e-09
1.500000e-01    -4.500000e-01    -9.280445e-11    1.377072e-09
2.500000e-01    -4.500000e-01    -2.202317e-10    1.181592e-09
3.500000e-01    -4.500000e-01    -3.958884e-10    8.486580e-10
4.500000e-01    -4.500000e-01    -5.644464e-10    3.867699e-10
5.500000e-01    -4.500000e-01    -6.625695e-10    -9.900989e-11
6.500000e-01    -4.500000e-01    -6.388912e-10    -4.884852e-10
7.500000e-01    -4.500000e-01    -4.721070e-10    -6.048864e-10
8.500000e-01    -4.500000e-01    -1.639234e-10    -2.908449e-10
-8.500000e-01    -3.500000e-01    2.797551e-10    -5.913356e-10
-7.500000e-01    -3.500000e-01    4.979865e-10    -7.314931e-10
-6.500000e-01    -3.500000e-01    5.685147e-10    -4.371958e-10
-5.500000e-01    -3.500000e-01    4.900369e-10    1.023303e-10
-4.500000e-01    -3.500000e-01    2.863056e-10    6.811749e-10
-3.500000e-01    -3.500000e-01    5.341932e-11    1.119357e-09
-2.500000e-01    -3.500000e-01    -1.260237e-10    1.352710e-09
-1.500000e-01    -3.500000e-01    -1.695646e-10    1.399542e-09
-5.000000e-02    -3.500000e-01    -7.524443e-11    1.374583e-09
5.000000e-02    -3.500000e-01    7.588099e-11    1.376736e-09
1.500000e-01    -3.500000e-01    1.681919e-10    1.396577e-09
2.500000e-01    -3.500000e-01    1.256390e-10    1.349530e-09
3.500000e-01    -3.500000e-01    -5.297756e-11    1.118743e-09
4.500000e-01    -3.500000e-01    -2.917409e-10    6.767971e-10
5.500000e-01    -3.500000e-01    -4.904357e-10    9.804026e-11
6.500000e-01    -3.500000e-01    -5.694885e-10    -4.383225e-10
7.500000e-01    -3.500000e-01    -4.972632e-10    -7.329228e-10
8.500000e-01    -3.500000e-01    -2.797583e-10    -5.918558e-10
-9.500000e-01    -2.500000e-01    4.839789e-11    -1.781328e-10
-8.500000e-01    -2.500000e-01    2.854763e-10    -7.926130e-10
-7.500000e-01    -2.500000e-01    4.078723e-10    -7.680032e-10
-6.500000e-01    -2.500000e-01    3.807796e-10    -3.050001e-10
-5.500000e-01    -2.500000e-01    1.939093e-10    3.689665e-10
-4.500000e-01    -2.500000e-01    -1.089205e-10    9.807085e-10
-3.500000e-01    -2.500000e-01    -4.197223e-10    1.313563e-09
-2.500000e-01    -2.500000e-01    -5.793240e-10    1.295738e-09
-1.500000e-01    -2.500000e-01    -4.876545e-10    1.061379e-09
-5.000000e-02    -2.500000e-01    -1.855943e-10    8.497613e-10
5.000000e-02    -2.500000e-01    1.886469e-10    8.507334e-10
1.500000e-01    -2.500000e-01    4.895925e-10    1.056737e-09
2.500000e-01    -2.500000e-01    5.797335e-10    1.292282e-09
3.500000e-01    -2.500000e-01    4.210928e-10    1.312837e-09
4.500000e-01    -2.500000e-01    1.153188e-10    9.829459e-10
5.500000e-01    -2.500000e-01    -1.892302e-10    3.644500e-10
6.500000e-01    -2.500000e-01    -3.795322e-10    -3.063084e-10
7.500000e-01    -2.500000e-01    -4.086577e-10    -7.698873e-10
8.500000e-01    -2.500000e-01    -2.857613e-10    -7.923636e-10
9.500000e-01    -2.500000e-01    -4.795838e-11    -1.779860e-10
-9.500000e-01    -1.500000e-01    6.744279e-11    -3.979180e-10
-8.500000e-01    -1.500000e-01    2.066792e-10    -9.057693e-10
-7.500000e-01    -1.500000e-01    2.427320e-10    -7.311109e-10
-6.500000e-01    -1.500000e-01    1.258048e-10    -1.057956e-10
-5.500000e-01    -1.500000e-01    -1.519234e-10    6.796487e-10
-4.500000e-01    -1.500000e-01    -5.377433e-10    1.267707e-09
-3.500000e-01    -1.500000e-01    -8.516487e-10    1.363495e-09
-2.500000e-01    -1.500000e-01    -8.681631e-10    9.384490e-10
-1.500000e-01    -1.500000e-01    -5.029453e-10    3.641719e-10
-5.000000e-02    -1.500000e-01    -1.225533e-10    8.158312e-11
5.000000e-02    -1.500000e-01    1.213635e-10    8.591223e-11
1.500000e-01    -1.500000e-01    5.032837e-10    3.671974e-10
2.500000e-01    -1.500000e-01    8.641902e-10    9.464027e-10
3.500000e-01    -1.500000e-01    8.582175e-10    1.372368e-09
4.500000e-01    -1.500000e-01    5.348166e-10    1.267539e-09
5.500000e-01    -1.500000e-01    1.535546e-10    6.782201e-10
6.500000e-01    -1.500000e-01    -1.263669e-10    -1.122711e-10
7.500000e-01    -1.500000e-01    -2.420625e-10    -7.341125e-10
8.500000e-01    -1.500000e-01    -2.068018e-10    -9.052609e-10
9.500000e-01    -1.500000e-01    -6.760486e-11    -3.967323e-10
-9.500000e-01    -5.000000e-02    3.082422e-11    -5.101226e-10
-8.500000e-01    -5.000000e-02    7.854406e-11    -9.430006e-10
-7.500000e-01    -5.000000e-02    4.671847e-11    -6.469640e-10
-6.500000e-01    -5.000000e-02    -1.201022e-10    1.227051e-10
-5.500000e-01    -5.000000e-02    -4.345099e-10    9.960039e-10
-4.500000e-01    -5.000000e-02    -8.052146e-10    1.483992e-09
-3.500000e-01    -5.000000e-02    -8.731759e-10    1.117978e-09
-2.500000e-01    -5.000000e-02    -4.955535e-11    3.736738e-11
2.500000e-01    -5.000000e-02    5.025036e-11    3.777858e-11
3.500000e-01    -5.000000e-02    8.799478e-10    1.129499e-09
4.500000e-01    -5.000000e-02    8.072493e-10    1.489066e-09
5.500000e-01    -5.000000e-02    4.363849e-10    9.935096e-10
6.500000e-01    -5.000000e-02    1.190694e-10    1.152522e-10
7.500000e-01    -5.000000e-02    -4.289805e-11    -6.524714e-10
8.500000e-01    -5.000000e-02    -7.679899e-11    -9.446872e-10
9.500000e-01    -5.000000e-02    -3.125085e-11    -5.090689e-10
-9.500000e-01    5.000000e-02    -2.606445e-11    -5.187360e-10
-8.500000e-01    5.000000e-02    -6.859780e-11    -9.301341e-10
-7.500000e-01    5.000000e-02    -1.390935e-10    -5.570638e-10
-6.500000e-01    5.000000e-02    -2.925801e-10    3.190543e-10
-5.500000e-01    5.000000e-02    -5.460329e-10    1.244991e-09
-4.500000e-01    5.000000e-02    -7.287796e-10    1.473340e-09
-3.500000e-01    5.000000e-02    -4.397360e-11    6.218102e-11
3.500000e-01    5.000000e-02    4.428311e-11    6.229605e-11
4.500000e-01    5.000000e-02    7.256124e-10    1.472073e-09
5.500000e-01    5.000000e-02    5.429412e-10    1.240946e-09
6.500000e-01    5.000000e-02    2.941098e-10    3.234827e-10
7.500000e-01    5.000000e-02    1.377589e-10    -5.577265e-10
8.500000e-01    5.000000e-02    6.962318e-11    -9.294700e-10
9.500000e-01    5.000000e-02    2.669681e-11    -5.175788e-10
-9.500000e-01    1.500000e-01    -6.799503e-11    -4.199807e-10
-8.500000e-01    1.500000e-01    -1.966828e-10    -8.701333e-10
-7.500000e-01    1.500000e-01    -2.765272e-10    -4.860951e-10
-6.500000e-01    1.500000e-01    -3.620038e-10    4.228394e-10
-5.500000e-01    1.500000e-01    -4.565924e-10    1.314239e-09
-4.500000e-01    1.500000e-01    -3.753642e-10    1.111446e-09
4.500000e-01    1.500000e-01    3.760396e-10    1.112469e-09
5.500000e-01    1.500000e-01    4.594292e-10    1.322777e-09
6.500000e-01    1.500000e-01    3.628066e-10    4.297679e-10
7.500000e-01    1.500000e-01    2.803034e-10    -4.874418e-10
8.500000e-01    1.500000e-01    1.943311e-10    -8.699363e-10
9.500000e-01    1.500000e-01    6.776556e-11    -4.183867e-10
-9.500000e-01    2.500000e-01    -5.278237e-11    -1.972290e-10
-8.500000e-01    2.500000e-01    -2.785398e-10    -7.752189e-10
-7.500000e-01    2.500000e-01    -3.709695e-10    -4.752090e-10
-6.500000e-01    2.500000e-01    -3.637050e-10    3.912315e-10
-5.500000e-01    2.500000e-01    -2.780626e-10    1.229228e-09
-4.500000e-01    2.500000e-01    -8.242760e-11    6.740196e-10
4.500000e-01    2.500000e-01    8.276678e-11    6.722621e-10
5.500000e-01    2.500000e-01    2.788042e-10    1.223638e-09
6.500000e-01    2.500000e-01    3.641374e-10    3.948087e-10
7.500000e-01    2.500000e-01    3.692307e-10    -4.749792e-10
8.500000e-01    2.500000e-01    2.771442e-10    -7.764720e-10
9.500000e-01    2.500000e-01    5.257752e-11    -1.972318e-10
-8.500000e-01    3.500000e-01    -2.864029e-10    -6.129519e-10
-7.500000e-01    3.500000e-01    -4.256305e-10    -4.992588e-10
-6.500000e-01    3.500000e-01    -3.551188e-10    2.265991e-10
-5.500000e-01    3.500000e-01    -1.297549e-10    9.949452e-10
-4.500000e-01    3.500000e-01    4.193490e-11    5.699486e-10
4.500000e-01    3.500000e-01    -4.265759e-11    5.690338e-10
5.500000e-01    3.500000e-01    1.285032e-10    9.929231e-10
6.500000e-01    3.500000e-01    3.541562e-10    2.300760e-10
7.500000e-01    3.500000e-01    4.245017e-10    -5.004573e-10
8.500000e-01    3.500000e-01    2.876464e-10    -6.116889e-10
-8.500000e-01    4.500000e-01    -1.849186e-10    -3.314475e-10
-7.500000e-01    4.500000e-01    -4.270212e-10    -5.010381e-10
-6.500000e-01    4.500000e-01    -3.839904e-10    -1.455776e-11
-5.500000e-01    4.500000e-01    -9.826162e-11    6.596231e-10
-4.500000e-01    4.500000e-01    1.562393e-10    6.597627e-10
4.500000e-01    4.500000e-01    -1.579699e-10    6.595453e-10
5.500000e-01    4.500000e-01    9.553525e-11    6.586621e-10
6.500000e-01    4.500000e-01    3.823654e-10    -1.538501e-11
7.500000e-01    4.500000e-01    4.279424e-10    -5.007984e-10
8.500000e-01    4.500000e-01    1.847013e-10    -3.300439e-10
-7.500000e-01    5.500000e-01    -3.306157e-10    -3.834057e-10
-6.500000e-01    5.500000e-01    -4.139950e-10    -2.157077e-10
-5.500000e-01    5.500000e-01    -1.918245e-10    2.812685e-10
-4.500000e-01    5.500000e-01    1.455130e-10    5.657222e-10
-3.500000e-01    5.500000e-01    1.830776e-11    2.609222e-11
3.500000e-01    5.500000e-01    -1.836018e-11    2.625396e-11
4.500000e-01    5.500000e-01    -1.477138e-10    5.660901e-10
5.500000e-01    5.500000e-01    1.891396e-10    2.854063e-10
6.500000e-01    5.500000e-01    4.148733e-10    -2.160957e-10
7.500000e-01    5.500000e-01    3.300279e-10    -3.862459e-10
-7.500000e-01    6.500000e-01    -4.311128e-11    -4.946919e-11
-6.500000e-01    6.500000e-01    -3.469991e-10    -2.628493e-10
-5.500000e-01    6.500000e-01    -3.135059e-10    -3.015798e-11
-4.500000e-01    6.500000e-01    -4.994714e-11    2.764521e-10
-3.500000e-01    6.500000e-01    1.779831e-10    3.076677e-10
-2.500000e-01    6.500000e-01    1.481769e-11    1.137187e-11
2.500000e-01    6.500000e-01    -1.498575e-11    1.157281e-11
3.500000e-01    6.500000e-01    -1.792583e-10    3.082866e-10
4.500000e-01    6.500000e-01    4.748206e-11    2.772255e-10
5.500000e-01    6.500000e-01    3.135339e-10    -3.200804e-11
6.500000e-01    6.500000e-01    3.469165e-10    -2.634810e-10
7.500000e-01    6.500000e-01    4.299971e-11    -4.943986e-11
-6.500000e-01    7.500000e-01    -4.183450e-11    -3.544746e-11
-5.500000e-01    7.500000e-01    -2.761695e-10    -1.445767e-10
-4.500000e-01    7.500000e-01    -2.321863e-10    6.175840e-12
-3.500000e-01    7.500000e-01    -5.366559e-11    1.548121e-10
-2.500000e-01    7.500000e-01    8.534334e-11    1.604801e-10
-1.500000e-01    7.500000e-01    8.448757e-11    7.176795e-11
-5.000000e-02    7.500000e-01    2.380163e-11    1.723399e-11
5.000000e-02    7.500000e-01    -2.396910e-11    1.673517e-11
1.500000e-01    7.500000e-01    -8.553198e-11    7.280798e-11
2.500000e-01    7.500000e-01    -8.483364e-11    1.597216e-10
3.500000e-01    7.500000e-01    5.082675e-11    1.546341e-10
4.500000e-01    7.500000e-01    2.320614e-10    5.006470e-12
5.500000e-01    7.500000e-01    2.758212e-10    -1.463909e-10
6.500000e-01    7.500000e-01    4.180381e-11    -3.541404e-11
-4.500000e-01    8.500000e-01    -1.507370e-10    -6.174409e-11
-3.500000e-01    8.500000e-01    -1.728189e-10    -1.167471e-11
-2.500000e-01    8.500000e-01    -9.868856e-11    6.015555e-11
-1.500000e-01    8.500000e-01    -2.943381e-11    8.660533e-11
-5.000000e-02    8.500000e-01    -2.594499e-12    8.699261e-11
5.000000e-02    8.500000e-01    1.535686e-12    8.570162e-11
1.500000e-01    8.500000e-01    2.764549e-11    8.755597e-11
2.500000e-01    8.500000e-01    9.716102e-11    6.141634e-11
3.500000e-01    8.500000e-01    1.724595e-10    -1.100299e-11
4.500000e-01    8.500000e-01    1.498459e-10    -6.268821e-11
-2.500000e-01    9.500000e-01    -4.285367e-11    -8.227652e-12
-1.500000e-01    9.500000e-01    -4.906401e-11    5.651415e-12
-5.000000e-02    9.500000e-01    -1.864695e-11    2.048422e-11
5.000000e-02    9.500000e-01    1.813628e-11    1.966409e-11
1.500000e-01    9.500000e-01    4.825580e-11    6.306363e-12
2.500000e-01    9.500000e-01    4.256874e-11    -7.982163e-12
