-1.500000e+00    -9.500000e+00    7.918006e-12    1.099402e-12
-5.000000e-01    -9.500000e+00    7.528876e-12    8.080192e-12
5.000000e-01    -9.500000e+00    -7.479667e-12    8.044915e-12
1.500000e+00    -9.500000e+00    -7.108127e-12    1.005440e-12
-4.500000e+00    -8.500000e+00    2.081106e-11    -8.719097e-12
-3.500000e+00    -8.500000e+00    1.500438e-10    -2.030285e-11
-2.500000e+00    -8.500000e+00    1.798349e-10    4.000733e-11
-1.500000e+00    -8.500000e+00    1.369989e-10    1.150214e-10
-5.000000e-01    -8.500000e+00    5.108170e-11    1.626805e-10
5.000000e-01    -8.500000e+00    -5.045466e-11    1.635952e-10
1.500000e+00    -8.500000e+00    -1.369475e-10    1.154912e-10
2.500000e+00    -8.500000e+00    -1.799504e-10    4.046251e-11
3.500000e+00    -8.500000e+00    -1.505765e-10    -2.064030e-11
4.500000e+00    -8.500000e+00    -2.100371e-11    -8.864263e-12
-5.500000e+00    -7.500000e+00    1.651877e-10    -9.243953e-11
-4.500000e+00    -7.500000e+00    3.299241e-10    -7.867687e-11
-3.500000e+00    -7.500000e+00    3.757781e-10    5.592173e-11
-2.500000e+00    -7.500000e+00    3.300050e-10    2.272615e-10
-1.500000e+00    -7.500000e+00    2.217586e-10    3.738180e-10
-5.000000e-01    -7.500000e+00    7.718592e-11    4.560408e-10
5.000000e-01    -7.500000e+00    -7.683519e-11    4.580468e-10
1.500000e+00    -7.500000e+00    -2.221482e-10    3.748240e-10
2.500000e+00    -7.500000e+00    -3.305503e-10    2.278767e-10
3.500000e+00    -7.500000e+00    -3.769455e-10    5.510068e-11
4.500000e+00    -7.500000e+00    -3.300669e-10    -7.983708e-11
5.500000e+00    -7.500000e+00    -1.646811e-10    -9.234332e-11
-6.500000e+00    -6.500000e+00    2.221510e-10    -1.798137e-10
-5.500000e+00    -6.500000e+00    4.379990e-10    -1.951831e-10
-4.500000e+00    -6.500000e+00    5.182163e-10    -1.229866e-11
-3.500000e+00    -6.500000e+00    4.891680e-10    2.546722e-10
-2.500000e+00    -6.500000e+00    3.851084e-10    5.151249e-10
-1.500000e+00    -6.500000e+00    2.406577e-10    7.097751e-10
-5.000000e-01    -6.500000e+00    7.976529e-11    8.130873e-10
5.000000e-01    -6.500000e+00    -8.386114e-11    8.179290e-10
1.500000e+00    -6.500000e+00    -2.416527e-10    7.130435e-10
2.500000e+00    -6.500000e+00    -3.858213e-10    5.150426e-10
3.500000e+00    -6.500000e+00    -4.888033e-10    2.543723e-10
4.500000e+00    -6.500000e+00    -5.186595e-10    -1.304002e-11
5.500000e+00    -6.500000e+00    -4.381282e-10    -1.966180e-10
6.500000e+00    -6.500000e+00    -2.224162e-10    -1.795658e-10
-7.500000e+00    -5.500000e+00    1.712076e-10    -2.049200e-10
-6.500000e+00    -5.500000e+00    4.434582e-10    -3.463861e-10
-5.500000e+00    -5.500000e+00    5.666839e-10    -1.740588e-10
-4.500000e+00    -5.500000e+00    5.569222e-10    1.604564e-10
-3.500000e+00    -5.500000e+00    4.540218e-10    5.252875e-10
-2.500000e+00    -5.500000e+00    3.141232e-10    8.289335e-10
-1.500000e+00    -5.500000e+00    1.720950e-10    1.035450e-09
-5.000000e-01    -5.500000e+00    5.430305e-11    1.133758e-09
5.000000e-01    -5.500000e+00    -5.545646e-11    1.135161e-09
1.500000e+00    -5.500000e+00    -1.737465e-10    1.037382e-09
2.500000e+00    -5.500000e+00    -3.133726e-10    8.341663e-10
3.500000e+00    -5.500000e+00    -4.581936e-10    5.231509e-10
4.500000e+00    -5.500000e+00    -5.577327e-10    1.580891e-10
5.500000e+00    -5.500000e+00    -5.663094e-10    -1.761112e-10
6.500000e+00    -5.500000e+00    -4.436103e-10    -3.473915e-10
7.500000e+00    -5.500000e+00    -1.714332e-10    -2.053975e-10
-8.500000e+00    -4.500000e+00    2.350819e-11    -4.237598e-11
-7.500000e+00    -4.500000e+00    3.442503e-10    -4.491753e-10
-6.500000e+00    -4.500000e+00    5.145942e-10    -3.936420e-10
-5.500000e+00    -4.500000e+00    5.333085e-10    -4.565618e-11
-4.500000e+00    -4.500000e+00    4.244627e-10    4.052091e-10
-3.500000e+00    -4.500000e+00    2.488252e-10    8.205270e-10
-2.500000e+00    -4.500000e+00    8.505377e-11    1.094024e-09
-1.500000e+00    -4.500000e+00    -9.994896e-12    1.223106e-09
-5.000000e-01    -4.500000e+00    -1.634380e-11    1.265472e-09
5.000000e-01    -4.500000e+00    1.616935e-11    1.268102e-09
1.500000e+00    -4.500000e+00    6.127663e-12    1.224665e-09
2.500000e+00    -4.500000e+00    -8.538786e-11    1.091079e-09
3.500000e+00    -4.500000e+00    -2.479582e-10    8.195201e-10
4.500000e+00    -4.500000e+00    -4.223859e-10    4.056726e-10
5.500000e+00    -4.500000e+00    -5.338951e-10    -5.066135e-11
6.500000e+00    -4.500000e+00    -5.165137e-10    -3.958615e-10
7.500000e+00    -4.500000e+00    -3.444496e-10    -4.494947e-10
8.500000e+00    -4.500000e+00    -2.354011e-11    -4.239930e-11
-8.500000e+00    -3.500000e+00    1.636074e-10    -3.553547e-10
-7.500000e+00    -3.500000e+00    3.811287e-10    -5.829198e-10
-6.500000e+00    -3.500000e+00    4.462562e-10    -3.354883e-10
-5.500000e+00    -3.500000e+00    3.450349e-10    1.732467e-10
-4.500000e+00    -3.500000e+00    1.251819e-10    7.003282e-10
-3.500000e+00    -3.500000e+00    -1.293573e-10    1.075478e-09
-2.500000e+00    -3.500000e+00    -3.012039e-10    1.203818e-09
-1.500000e+00    -3.500000e+00    -2.911478e-10    1.133862e-09
-5.000000e-01    -3.500000e+00    -1.188564e-10    1.039852e-09
5.000000e-01    -3.500000e+00    1.218761e-10    1.037118e-09
1.500000e+00    -3.500000e+00    2.919204e-10    1.133190e-09
2.500000e+00    -3.500000e+00    2.971666e-10    1.203520e-09
3.500000e+00    -3.500000e+00    1.273558e-10    1.074001e-09
4.500000e+00    -3.500000e+00    -1.276114e-10    6.987870e-10
5.500000e+00    -3.500000e+00    -3.447724e-10    1.664262e-10
6.500000e+00    -3.500000e+00    -4.452803e-10    -3.373918e-10
7.500000e+00    -3.500000e+00    -3.821473e-10    -5.828761e-10
8.500000e+00    -3.500000e+00    -1.630516e-10    -3.554009e-10
-8.500000e+00    -2.500000e+00    1.922653e-10    -5.627216e-10
-7.500000e+00    -2.500000e+00    3.097267e-10    -6.137495e-10
-6.500000e+00    -2.500000e+00    2.652988e-10    -1.847470e-10
-5.500000e+00    -2.500000e+00    5.038257e-11    4.611401e-10
-4.500000e+00    -2.500000e+00    -2.774497e-10    1.016763e-09
-3.500000e+00    -2.500000e+00    -6.026629e-10    1.247133e-09
-2.500000e+00    -2.500000e+00    -7.108807e-10    1.064018e-09
-1.500000e+00    -2.500000e+00    -5.399756e-10    6.841423e-10
-5.000000e-01    -2.500000e+00    -1.931384e-10    4.107703e-10
5.000000e-01    -2.500000e+00    1.919678e-10    4.085212e-10
1.500000e+00    -2.500000e+00    5.402586e-10    6.816968e-10
2.500000e+00    -2.500000e+00    7.121644e-10    1.066573e-09
3.500000e+00    -2.500000e+00    6.015970e-10    1.245250e-09
4.500000e+00    -2.500000e+00    2.797731e-10    1.019858e-09
5.500000e+00    -2.500000e+00    -5.299631e-11    4.587388e-10
6.500000e+00    -2.500000e+00    -2.652364e-10    -1.857678e-10
7.500000e+00    -2.500000e+00    -3.089926e-10    -6.164693e-10
8.500000e+00    -2.500000e+00    -1.926116e-10    -5.634754e-10
-9.500000e+00    -1.500000e+00    8.691447e-12    -5.756148e-11
-8.500000e+00    -1.500000e+00    1.387866e-10    -6.712594e-10
-7.500000e+00    -1.500000e+00    1.638580e-10    -5.655012e-10
-6.500000e+00    -1.500000e+00    3.315708e-11    2.952079e-11
-5.500000e+00    -1.500000e+00    -2.574886e-10    7.887784e-10
-4.500000e+00    -1.500000e+00    -6.491913e-10    1.313391e-09
-3.500000e+00    -1.500000e+00    -8.965736e-10    1.230786e-09
-2.500000e+00    -1.500000e+00    -6.534142e-10    5.620701e-10
2.500000e+00    -1.500000e+00    6.541378e-10    5.598192e-10
3.500000e+00    -1.500000e+00    8.964218e-10    1.228667e-09
4.500000e+00    -1.500000e+00    6.439636e-10    1.309425e-09
5.500000e+00    -1.500000e+00    2.601584e-10    7.902564e-10
6.500000e+00    -1.500000e+00    -3.780324e-11    3.271063e-11
7.500000e+00    -1.500000e+00    -1.645533e-10    -5.690285e-10
8.500000e+00    -1.500000e+00    -1.383905e-10    -6.723997e-10
9.500000e+00    -1.500000e+00    -8.704479e-12    -5.756878e-11
-9.500000e+00    -5.000000e-01    7.169161e-12    -1.644306e-10
-8.500000e+00    -5.000000e-01    3.848157e-11    -7.069457e-10
-7.500000e+00    -5.000000e-01    -3.551330e-12    -4.767090e-10
-6.500000e+00    -5.000000e-01    -1.636414e-10    2.584002e-10
-5.500000e+00    -5.000000e-01    -4.653653e-10    1.103075e-09
-4.500000e+00    -5.000000e-01    -7.702605e-10    1.466633e-09
-3.500000e+00    -5.000000e-01    -5.607705e-10    7.200917e-10
3.500000e+00    -5.000000e-01    5.590445e-10    7.216599e-10
4.500000e+00    -5.000000e-01    7.636049e-10    1.454255e-09
5.500000e+00    -5.000000e-01    4.605914e-10    1.104188e-09
6.500000e+00    -5.000000e-01    1.679599e-10    2.644437e-10
7.500000e+00    -5.000000e-01    -4.463347e-15    -4.786138e-10
8.500000e+00    -5.000000e-01    -3.775390e-11    -7.076386e-10
9.500000e+00    -5.000000e-01    -7.279309e-12    -1.641151e-10
-9.500000e+00    5.000000e-01    -1.116644e-11    -1.655922e-10
-8.500000e+00    5.000000e-01    -7.344063e-11    -6.858083e-10
-7.500000e+00    5.000000e-01    -1.458436e-10    -3.884997e-10
-6.500000e+00    5.000000e-01    -2.828531e-10    4.457191e-10
-5.500000e+00    5.000000e-01    -4.852583e-10    1.315317e-09
-4.500000e+00    5.000000e-01    -5.534583e-10    1.321555e-09
4.500000e+00    5.000000e-01    5.554671e-10    1.321325e-09
5.500000e+00    5.000000e-01    4.889369e-10    1.322067e-09
6.500000e+00    5.000000e-01    2.818636e-10    4.512936e-10
7.500000e+00    5.000000e-01    1.456090e-10    -3.900457e-10
8.500000e+00    5.000000e-01    7.181057e-11    -6.881224e-10
9.500000e+00    5.000000e-01    1.099671e-11    -1.656255e-10
-9.500000e+00    1.500000e+00    -1.038817e-11    -5.916090e-11
-8.500000e+00    1.500000e+00    -1.606279e-10    -6.249736e-10
-7.500000e+00    1.500000e+00    -2.471257e-10    -3.347695e-10
-6.500000e+00    1.500000e+00    -3.076059e-10    5.212111e-10
-5.500000e+00    1.500000e+00    -3.412574e-10    1.349404e-09
-4.500000e+00    1.500000e+00    -2.108681e-10    8.997291e-10
4.500000e+00    1.500000e+00    2.065328e-10    8.942811e-10
5.500000e+00    1.500000e+00    3.399094e-10    1.349639e-09
6.500000e+00    1.500000e+00    3.062002e-10    5.211908e-10
7.500000e+00    1.500000e+00    2.503579e-10    -3.332566e-10
8.500000e+00    1.500000e+00    1.617280e-10    -6.250587e-10
9.500000e+00    1.500000e+00    1.038574e-11    -5.922387e-11
-8.500000e+00    2.500000e+00    -2.058184e-10    -5.229782e-10
-7.500000e+00    2.500000e+00    -3.115214e-10    -3.329936e-10
-6.500000e+00    2.500000e+00    -2.812969e-10    4.545479e-10
-5.500000e+00    2.500000e+00    -1.553801e-10    1.223322e-09
-4.500000e+00    2.500000e+00    -9.257054e-12    6.057667e-10
4.500000e+00    2.500000e+00    9.543907e-12    6.048004e-10
5.500000e+00    2.500000e+00    1.538846e-10    1.220938e-09
6.500000e+00    2.500000e+00    2.872141e-10    4.539106e-10
7.500000e+00    2.500000e+00    3.132245e-10    -3.317447e-10
8.500000e+00    2.500000e+00    2.045369e-10    -5.252475e-10
-8.500000e+00    3.500000e+00    -1.750712e-10    -3.473027e-10
-7.500000e+00    3.500000e+00    -3.409940e-10    -3.582275e-10
-6.500000e+00    3.500000e+00    -2.803633e-10    2.652265e-10
-5.500000e+00    3.500000e+00    -3.992286e-11    9.700492e-10
-4.500000e+00    3.500000e+00    1.288995e-10    6.880873e-10
4.500000e+00    3.500000e+00    -1.305562e-10    6.915439e-10
5.500000e+00    3.500000e+00    3.587196e-11    9.799338e-10
6.500000e+00    3.500000e+00    2.803346e-10    2.695986e-10
7.500000e+00    3.500000e+00    3.401609e-10    -3.541994e-10
8.500000e+00    3.500000e+00    1.741443e-10    -3.461755e-10
-8.500000e+00    4.500000e+00    -2.649667e-11    -4.492263e-11
-7.500000e+00    4.500000e+00    -3.168732e-10    -3.413250e-10
-6.500000e+00    4.500000e+00    -3.103130e-10    3.102502e-11
-5.500000e+00    4.500000e+00    -4.628861e-11    6.428051e-10
-4.500000e+00    4.500000e+00    2.402332e-10    7.635024e-10
4.500000e+00    4.500000e+00    -2.432496e-10    7.670227e-10
5.500000e+00    4.500000e+00    4.514354e-11    6.424259e-10
6.500000e+00    4.500000e+00    3.075137e-10    3.880034e-11
7.500000e+00    4.500000e+00    3.157800e-10    -3.405448e-10
8.500000e+00    4.500000e+00    2.650230e-11    -4.480701e-11
-7.500000e+00    5.500000e+00    -1.764252e-10    -1.921350e-10
-6.500000e+00    5.500000e+00    -3.218922e-10    -1.441105e-10
-5.500000e+00    5.500000e+00    -1.625632e-10    2.703581e-10
-4.500000e+00    5.500000e+00    1.577614e-10    5.792709e-10
-3.500000e+00    5.500000e+00    2.374833e-10    3.281991e-10
3.500000e+00    5.500000e+00    -2.382420e-10    3.276159e-10
4.500000e+00    5.500000e+00    -1.608413e-10    5.812206e-10
5.500000e+00    5.500000e+00    1.606277e-10    2.684739e-10
6.500000e+00    5.500000e+00    3.226265e-10    -1.393291e-10
7.500000e+00    5.500000e+00    1.755361e-10    -1.927835e-10
-6.500000e+00    6.500000e+00    -2.064291e-10    -1.455410e-10
-5.500000e+00    6.500000e+00    -2.523179e-10    -4.480044e-12
-4.500000e+00    6.500000e+00    -5.806852e-11    2.701929e-10
-3.500000e+00    6.500000e+00    1.834489e-10    3.693270e-10
-2.500000e+00    6.500000e+00    2.081879e-10    1.920331e-10
2.500000e+00    6.500000e+00    -2.078116e-10    1.935668e-10
3.500000e+00    6.500000e+00    -1.805823e-10    3.672861e-10
4.500000e+00    6.500000e+00    5.892452e-11    2.680205e-10
5.500000e+00    6.500000e+00    2.506461e-10    -3.564360e-12
6.500000e+00    6.500000e+00    2.071744e-10    -1.439879e-10
-5.500000e+00    7.500000e+00    -1.486397e-10    -6.878179e-11
-4.500000e+00    7.500000e+00    -1.846465e-10    2.205784e-11
-3.500000e+00    7.500000e+00    -6.285941e-11    1.646468e-10
-2.500000e+00    7.500000e+00    6.236532e-11    2.071458e-10
-1.500000e+00    7.500000e+00    9.440949e-11    1.535068e-10
-5.000000e-01    7.500000e+00    4.067245e-11    9.787081e-11
5.000000e-01    7.500000e+00    -4.033605e-11    9.628660e-11
1.500000e+00    7.500000e+00    -9.519349e-11    1.522209e-10
2.500000e+00    7.500000e+00    -6.616594e-11    2.056039e-10
3.500000e+00    7.500000e+00    6.008874e-11    1.667909e-10
4.500000e+00    7.500000e+00    1.834735e-10    2.499294e-11
5.500000e+00    7.500000e+00    1.483570e-10    -6.800846e-11
-4.500000e+00    8.500000e+00    -2.054124e-11    -7.271554e-12
-3.500000e+00    8.500000e+00    -1.069276e-10    6.164282e-12
-2.500000e+00    8.500000e+00    -8.050767e-11    6.759277e-11
-1.500000e+00    8.500000e+00    -3.248479e-11    1.058039e-10
-5.000000e-01    8.500000e+00    -5.378007e-12    1.153523e-10
5.000000e-01    8.500000e+00    5.873865e-12    1.151326e-10
1.500000e+00    8.500000e+00    3.282959e-11    1.052826e-10
2.500000e+00    8.500000e+00    8.172076e-11    6.606874e-11
3.500000e+00    8.500000e+00    1.070868e-10    5.635682e-12
4.500000e+00    8.500000e+00    2.060997e-11    -7.289493e-12
-1.500000e+00    9.500000e+00    -6.971072e-12    2.203017e-12
-5.000000e-01    9.500000e+00    -6.038322e-12    1.063877e-11
5.000000e-01    9.500000e+00    6.084812e-12    1.042352e-11
1.500000e+00    9.500000e+00    6.278923e-12    2.114277e-12
