-2.500000e+00    -9.500000e+00    1.033837e-10    -2.455902e-11
-1.500000e+00    -9.500000e+00    1.966542e-10    -1.822975e-11
-5.000000e-01    -9.500000e+00    2.092112e-10    1.053029e-11
5.000000e-01    -9.500000e+00    1.656471e-10    3.113050e-11
1.500000e+00    -9.500000e+00    9.433879e-11    2.940158e-11
2.500000e+00    -9.500000e+00    2.605511e-11    1.000274e-11
-4.500000e+00    -8.500000e+00    2.590552e-10    -1.247662e-10
-3.500000e+00    -8.500000e+00    4.935357e-10    -1.483163e-10
-2.500000e+00    -8.500000e+00    6.114326e-10    -7.011689e-11
-1.500000e+00    -8.500000e+00    6.273957e-10    4.859395e-11
-5.000000e-01    -8.500000e+00    5.624466e-10    1.577909e-10
5.000000e-01    -8.500000e+00    4.419385e-10    2.230205e-10
1.500000e+00    -8.500000e+00    2.934268e-10    2.262098e-10
2.500000e+00    -8.500000e+00    1.456168e-10    1.707465e-10
3.500000e+00    -8.500000e+00    2.906457e-11    8.056244e-11
4.500000e+00    -8.500000e+00    -2.351917e-11    4.182826e-12
-6.500000e+00    -7.500000e+00    5.207545e-11    -4.474443e-11
-5.500000e+00    -7.500000e+00    4.677743e-10    -3.016487e-10
-4.500000e+00    -7.500000e+00    7.590775e-10    -3.257160e-10
-3.500000e+00    -7.500000e+00    9.241027e-10    -1.913732e-10
-2.500000e+00    -7.500000e+00    9.713026e-10    2.477451e-11
-1.500000e+00    -7.500000e+00    9.188891e-10    2.538592e-10
-5.000000e-01    -7.500000e+00    7.915238e-10    4.396879e-10
5.000000e-01    -7.500000e+00    6.166954e-10    5.447932e-10
1.500000e+00    -7.500000e+00    4.192967e-10    5.543459e-10
2.500000e+00    -7.500000e+00    2.228609e-10    4.690812e-10
3.500000e+00    -7.500000e+00    5.007618e-11    3.105846e-10
4.500000e+00    -7.500000e+00    -7.076429e-11    1.235473e-10
5.500000e+00    -7.500000e+00    -1.056068e-10    -2.043634e-11
6.500000e+00    -7.500000e+00    -1.816732e-11    -1.517941e-11
-7.500000e+00    -6.500000e+00    4.932116e-11    -5.647539e-11
-6.500000e+00    -6.500000e+00    5.172426e-10    -4.607300e-10
-5.500000e+00    -6.500000e+00    8.678431e-10    -5.518187e-10
-4.500000e+00    -6.500000e+00    1.089106e-09    -4.078110e-10
-3.500000e+00    -6.500000e+00    1.181691e-09    -1.167663e-10
-2.500000e+00    -6.500000e+00    1.159114e-09    2.308272e-10
-1.500000e+00    -6.500000e+00    1.045123e-09    5.574540e-10
-5.000000e-01    -6.500000e+00    8.725666e-10    8.020089e-10
5.000000e-01    -6.500000e+00    6.733075e-10    9.314801e-10
1.500000e+00    -6.500000e+00    4.670688e-10    9.380720e-10
2.500000e+00    -6.500000e+00    2.676729e-10    8.285610e-10
3.500000e+00    -6.500000e+00    7.941879e-11    6.242635e-10
4.500000e+00    -6.500000e+00    -7.966389e-11    3.546005e-10
5.500000e+00    -6.500000e+00    -1.785494e-10    8.089504e-11
6.500000e+00    -6.500000e+00    -1.740901e-10    -9.622573e-11
7.500000e+00    -6.500000e+00    -2.286692e-11    -2.579182e-11
-7.500000e+00    -5.500000e+00    4.157889e-10    -5.223940e-10
-6.500000e+00    -5.500000e+00    8.142309e-10    -7.735163e-10
-5.500000e+00    -5.500000e+00    1.092178e-09    -6.975835e-10
-4.500000e+00    -5.500000e+00    1.237171e-09    -3.857638e-10
-3.500000e+00    -5.500000e+00    1.251016e-09    5.535548e-11
-2.500000e+00    -5.500000e+00    1.152337e-09    5.191293e-10
-1.500000e+00    -5.500000e+00    9.792921e-10    9.112563e-10
-5.000000e-01    -5.500000e+00    7.773174e-10    1.174379e-09
5.000000e-01    -5.500000e+00    5.868627e-10    1.289705e-09
1.500000e+00    -5.500000e+00    4.258790e-10    1.268766e-09
2.500000e+00    -5.500000e+00    2.880763e-10    1.141844e-09
3.500000e+00    -5.500000e+00    1.422423e-10    9.241752e-10
4.500000e+00    -5.500000e+00    -1.295318e-11    6.248899e-10
5.500000e+00    -5.500000e+00    -1.560119e-10    2.715276e-10
6.500000e+00    -5.500000e+00    -2.323720e-10    -4.983685e-11
7.500000e+00    -5.500000e+00    -1.799472e-10    -1.859174e-10
-8.500000e+00    -4.500000e+00    2.012138e-10    -3.658513e-10
-7.500000e+00    -4.500000e+00    6.220808e-10    -8.912176e-10
-6.500000e+00    -4.500000e+00    9.441345e-10    -9.910203e-10
-5.500000e+00    -4.500000e+00    1.141912e-09    -7.490986e-10
-4.500000e+00    -4.500000e+00    1.201799e-09    -2.732077e-10
-3.500000e+00    -4.500000e+00    1.124623e-09    3.079036e-10
-2.500000e+00    -4.500000e+00    9.384864e-10    8.578223e-10
-1.500000e+00    -4.500000e+00    6.976329e-10    1.269202e-09
-5.000000e-01    -4.500000e+00    4.754370e-10    1.479572e-09
5.000000e-01    -4.500000e+00    3.350063e-10    1.503354e-09
1.500000e+00    -4.500000e+00    2.880053e-10    1.406881e-09
2.500000e+00    -4.500000e+00    2.916356e-10    1.263061e-09
3.500000e+00    -4.500000e+00    2.655602e-10    1.086212e-09
4.500000e+00    -4.500000e+00    1.636705e-10    8.447390e-10
5.500000e+00    -4.500000e+00    -3.315263e-12    4.970331e-10
6.500000e+00    -4.500000e+00    -1.623409e-10    9.373703e-11
7.500000e+00    -4.500000e+00    -2.205470e-10    -2.154964e-10
8.500000e+00    -4.500000e+00    -1.075455e-10    -1.853919e-10
-8.500000e+00    -3.500000e+00    3.420683e-10    -7.611149e-10
-7.500000e+00    -3.500000e+00    6.776315e-10    -1.168194e-09
-6.500000e+00    -3.500000e+00    9.179754e-10    -1.122691e-09
-5.500000e+00    -3.500000e+00    1.032329e-09    -7.177390e-10
-4.500000e+00    -3.500000e+00    1.000908e-09    -8.310795e-11
-3.500000e+00    -3.500000e+00    8.214858e-10    6.242038e-10
-2.500000e+00    -3.500000e+00    5.276840e-10    1.230631e-09
-1.500000e+00    -3.500000e+00    2.061733e-10    1.588306e-09
-5.000000e-01    -3.500000e+00    -2.867940e-11    1.631515e-09
5.000000e-01    -3.500000e+00    -8.287635e-11    1.442413e-09
1.500000e+00    -3.500000e+00    5.102289e-11    1.186669e-09
2.500000e+00    -3.500000e+00    2.737543e-10    1.021005e-09
3.500000e+00    -3.500000e+00    4.415214e-10    9.651128e-10
4.500000e+00    -3.500000e+00    4.502102e-10    9.066398e-10
5.500000e+00    -3.500000e+00    2.882684e-10    7.022444e-10
6.500000e+00    -3.500000e+00    4.599169e-11    3.045945e-10
7.500000e+00    -3.500000e+00    -1.370926e-10    -1.280881e-10
8.500000e+00    -3.500000e+00    -1.525820e-10    -3.129527e-10
-9.500000e+00    -2.500000e+00    5.615314e-11    -2.094857e-10
-8.500000e+00    -2.500000e+00    3.564325e-10    -1.058895e-09
-7.500000e+00    -2.500000e+00    6.029249e-10    -1.361668e-09
-6.500000e+00    -2.500000e+00    7.611425e-10    -1.181265e-09
-5.500000e+00    -2.500000e+00    7.953559e-10    -6.208246e-10
-4.500000e+00    -2.500000e+00    6.745462e-10    1.733521e-10
-3.500000e+00    -2.500000e+00    3.918310e-10    9.968456e-10
-2.500000e+00    -2.500000e+00    -7.987479e-12    1.616758e-09
-1.500000e+00    -2.500000e+00    -4.112666e-10    1.824464e-09
-5.000000e-01    -2.500000e+00    -6.258139e-10    1.552118e-09
5.000000e-01    -2.500000e+00    -5.283217e-10    1.000880e-09
1.500000e+00    -2.500000e+00    -1.902040e-10    5.331551e-10
2.500000e+00    -2.500000e+00    1.946834e-10    3.629701e-10
3.500000e+00    -2.500000e+00    5.265329e-10    4.760982e-10
4.500000e+00    -2.500000e+00    7.095090e-10    7.179005e-10
5.500000e+00    -2.500000e+00    6.293961e-10    8.088610e-10
6.500000e+00    -2.500000e+00    3.394323e-10    5.536955e-10
7.500000e+00    -2.500000e+00    4.237916e-11    5.759865e-11
8.500000e+00    -2.500000e+00    -1.039298e-10    -3.189396e-10
9.500000e+00    -2.500000e+00    -3.363173e-11    -1.255438e-10
-9.500000e+00    -1.500000e+00    7.768851e-11    -4.642372e-10
-8.500000e+00    -1.500000e+00    2.709363e-10    -1.262167e-09
-7.500000e+00    -1.500000e+00    4.270025e-10    -1.481761e-09
-6.500000e+00    -1.500000e+00    5.100974e-10    -1.183620e-09
-5.500000e+00    -1.500000e+00    4.796456e-10    -4.780677e-10
-4.500000e+00    -1.500000e+00    2.938332e-10    4.674251e-10
-3.500000e+00    -1.500000e+00    -6.036872e-11    1.402044e-09
-2.500000e+00    -1.500000e+00    -5.338113e-10    1.994745e-09
-1.500000e+00    -1.500000e+00    -9.280789e-10    1.918514e-09
-5.000000e-01    -1.500000e+00    -9.141391e-10    1.123459e-09
5.000000e-01    -1.500000e+00    -3.138115e-10    2.038445e-10
4.500000e+00    -1.500000e+00    3.139791e-10    1.814223e-10
5.500000e+00    -1.500000e+00    7.083687e-10    6.945001e-10
6.500000e+00    -1.500000e+00    5.748284e-10    7.637811e-10
7.500000e+00    -1.500000e+00    2.364198e-10    3.033301e-10
8.500000e+00    -1.500000e+00    -1.966582e-12    -2.267564e-10
9.500000e+00    -1.500000e+00    -3.778362e-11    -2.414537e-10
-9.500000e+00    -5.000000e-01    3.587744e-11    -6.009349e-10
-8.500000e+00    -5.000000e-01    1.174801e-10    -1.375409e-09
-7.500000e+00    -5.000000e-01    1.858887e-10    -1.539396e-09
-6.500000e+00    -5.000000e-01    2.074684e-10    -1.152078e-09
-5.500000e+00    -5.000000e-01    1.411172e-10    -3.225655e-10
-4.500000e+00    -5.000000e-01    -5.637697e-11    7.567873e-10
-3.500000e+00    -5.000000e-01    -4.065170e-10    1.784443e-09
-2.500000e+00    -5.000000e-01    -8.318331e-10    2.279946e-09
-1.500000e+00    -5.000000e-01    -9.699314e-10    1.685231e-09
6.500000e+00    -5.000000e-01    5.360412e-10    7.811954e-10
7.500000e+00    -5.000000e-01    3.440716e-10    5.440553e-10
8.500000e+00    -5.000000e-01    9.063291e-11    -8.194541e-11
9.500000e+00    -5.000000e-01    -7.731543e-12    -2.680815e-10
-9.500000e+00    5.000000e-01    -2.972524e-11    -6.143052e-10
-8.500000e+00    5.000000e-01    -6.613339e-11    -1.400072e-09
-7.500000e+00    5.000000e-01    -8.389922e-11    -1.548152e-09
-6.500000e+00    5.000000e-01    -1.081390e-10    -1.112667e-09
-5.500000e+00    5.000000e-01    -1.721843e-10    -1.993696e-10
-4.500000e+00    5.000000e-01    -3.138261e-10    9.802581e-10
-3.500000e+00    5.000000e-01    -5.496751e-10    2.060039e-09
-2.500000e+00    5.000000e-01    -7.770482e-10    2.365167e-09
-1.500000e+00    5.000000e-01    -3.449689e-10    7.206960e-10
6.500000e+00    5.000000e-01    1.760141e-10    3.533413e-10
7.500000e+00    5.000000e-01    2.999358e-10    6.766427e-10
8.500000e+00    5.000000e-01    1.290107e-10    4.537338e-11
9.500000e+00    5.000000e-01    2.455855e-11    -2.377618e-10
-9.500000e+00    1.500000e+00    -7.847969e-11    -4.961371e-10
-8.500000e+00    1.500000e+00    -2.399548e-10    -1.333426e-09
-7.500000e+00    1.500000e+00    -3.453322e-10    -1.514620e-09
-6.500000e+00    1.500000e+00    -4.061063e-10    -1.087358e-09
-5.500000e+00    1.500000e+00    -4.386371e-10    -1.611848e-10
-4.500000e+00    1.500000e+00    -4.645792e-10    1.054589e-09
-3.500000e+00    1.500000e+00    -4.949170e-10    2.137374e-09
-2.500000e+00    1.500000e+00    -4.501880e-10    2.190361e-09
7.500000e+00    1.500000e+00    1.609072e-10    6.540890e-10
8.500000e+00    1.500000e+00    1.123705e-10    1.046920e-10
9.500000e+00    1.500000e+00    3.736165e-11    -1.787255e-10
-9.500000e+00    2.500000e+00    -6.190568e-11    -2.344050e-10
-8.500000e+00    2.500000e+00    -3.594140e-10    -1.165673e-09
-7.500000e+00    2.500000e+00    -5.619523e-10    -1.433293e-09
-6.500000e+00    2.500000e+00    -6.644403e-10    -1.083271e-09
-5.500000e+00    2.500000e+00    -6.655430e-10    -2.194041e-10
-4.500000e+00    2.500000e+00    -5.613007e-10    9.500235e-10
-3.500000e+00    2.500000e+00    -3.588939e-10    1.989052e-09
-2.500000e+00    2.500000e+00    -1.054058e-10    1.941039e-09
7.500000e+00    2.500000e+00    2.638792e-11    5.763612e-10
8.500000e+00    2.500000e+00    7.415958e-11    8.546793e-11
9.500000e+00    2.500000e+00    2.522978e-11    -8.737891e-11
-8.500000e+00    3.500000e+00    -3.770411e-10    -8.783449e-10
-7.500000e+00    3.500000e+00    -6.937868e-10    -1.286331e-09
-6.500000e+00    3.500000e+00    -8.617595e-10    -1.079942e-09
-5.500000e+00    3.500000e+00    -8.621808e-10    -3.613713e-10
-4.500000e+00    3.500000e+00    -6.728515e-10    6.735681e-10
-3.500000e+00    3.500000e+00    -2.964507e-10    1.633868e-09
-2.500000e+00    3.500000e+00    1.218944e-10    1.729729e-09
7.500000e+00    3.500000e+00    -5.876958e-11    4.527481e-10
8.500000e+00    3.500000e+00    5.118257e-11    8.314436e-12
-8.500000e+00    4.500000e+00    -2.401887e-10    -4.444703e-10
-7.500000e+00    4.500000e+00    -6.943322e-10    -1.038174e-09
-6.500000e+00    4.500000e+00    -9.655591e-10    -1.034016e-09
-5.500000e+00    4.500000e+00    -1.020821e-09    -5.252156e-10
-4.500000e+00    4.500000e+00    -8.321982e-10    3.058493e-10
-3.500000e+00    4.500000e+00    -3.991968e-10    1.139639e-09
-2.500000e+00    4.500000e+00    1.383651e-10    1.439388e-09
-1.500000e+00    4.500000e+00    1.929449e-10    4.334030e-10
6.500000e+00    4.500000e+00    -1.023394e-10    2.124459e-10
7.500000e+00    4.500000e+00    -7.487141e-11    2.789158e-10
8.500000e+00    4.500000e+00    3.849162e-11    -4.779774e-11
-7.500000e+00    5.500000e+00    -5.055626e-10    -6.489550e-10
-6.500000e+00    5.500000e+00    -9.160598e-10    -8.875128e-10
-5.500000e+00    5.500000e+00    -1.089374e-09    -6.374130e-10
-4.500000e+00    5.500000e+00    -9.996905e-10    -5.567084e-11
-3.500000e+00    5.500000e+00    -6.396591e-10    6.122149e-10
-2.500000e+00    5.500000e+00    -1.116680e-10    1.005837e-09
-1.500000e+00    5.500000e+00    2.842694e-10    7.698906e-10
6.500000e+00    5.500000e+00    -1.989797e-10    3.070911e-10
7.500000e+00    5.500000e+00    -1.751547e-11    7.264741e-11
-7.500000e+00    6.500000e+00    -6.523116e-11    -7.480690e-11
-6.500000e+00    6.500000e+00    -6.425011e-10    -5.803448e-10
-5.500000e+00    6.500000e+00    -9.806325e-10    -6.133342e-10
-4.500000e+00    6.500000e+00    -1.056713e-09    -3.018817e-10
-3.500000e+00    6.500000e+00    -8.746764e-10    1.624036e-10
-2.500000e+00    6.500000e+00    -4.966667e-10    5.370724e-10
-1.500000e+00    6.500000e+00    -8.575298e-11    6.088756e-10
-5.000000e-01    6.500000e+00    1.227970e-10    3.452259e-10
5.000000e-01    6.500000e+00    4.960187e-11    4.697433e-11
4.500000e+00    6.500000e+00    -1.496592e-10    8.199661e-11
5.500000e+00    6.500000e+00    -2.493968e-10    2.281327e-10
6.500000e+00    6.500000e+00    -8.617260e-11    1.199315e-10
7.500000e+00    6.500000e+00    6.828139e-12    -7.511574e-12
-6.500000e+00    7.500000e+00    -7.125835e-11    -6.126623e-11
-5.500000e+00    7.500000e+00    -5.975641e-10    -3.862677e-10
-4.500000e+00    7.500000e+00    -8.763405e-10    -3.579731e-10
-3.500000e+00    7.500000e+00    -9.103241e-10    -1.184690e-10
-2.500000e+00    7.500000e+00    -7.479493e-10    1.588132e-10
-1.500000e+00    7.500000e+00    -4.897966e-10    3.252342e-10
-5.000000e-01    7.500000e+00    -2.691419e-10    3.140410e-10
5.000000e-01    7.500000e+00    -1.733367e-10    1.989419e-10
1.500000e+00    7.500000e+00    -1.882225e-10    1.027494e-10
2.500000e+00    7.500000e+00    -2.388649e-10    8.704677e-11
3.500000e+00    7.500000e+00    -2.740656e-10    1.273419e-10
4.500000e+00    7.500000e+00    -2.280219e-10    1.532604e-10
5.500000e+00    7.500000e+00    -8.752566e-11    8.197583e-11
6.500000e+00    7.500000e+00    2.690773e-12    -1.988782e-12
-4.500000e+00    8.500000e+00    -3.460093e-10    -1.657301e-10
-3.500000e+00    8.500000e+00    -6.010456e-10    -1.724540e-10
-2.500000e+00    8.500000e+00    -6.582607e-10    -5.199638e-11
-1.500000e+00    8.500000e+00    -5.825552e-10    7.955981e-11
-5.000000e-01    8.500000e+00    -4.556108e-10    1.536976e-10
5.000000e-01    8.500000e+00    -3.476021e-10    1.624964e-10
1.500000e+00    8.500000e+00    -2.759514e-10    1.404102e-10
2.500000e+00    8.500000e+00    -2.185947e-10    1.158081e-10
3.500000e+00    8.500000e+00    -1.393381e-10    8.377038e-11
4.500000e+00    8.500000e+00    -4.125129e-11    2.931376e-11
-2.500000e+00    9.500000e+00    -1.371855e-10    -3.238401e-11
-1.500000e+00    9.500000e+00    -2.424101e-10    -2.108794e-11
-5.000000e-01    9.500000e+00    -2.418003e-10    1.333407e-11
5.000000e-01    9.500000e+00    -1.868652e-10    3.331816e-11
1.500000e+00    9.500000e+00    -1.123821e-10    3.113217e-11
2.500000e+00    9.500000e+00    -3.684602e-11    1.213930e-11
