-2.500000e-01    -9.500000e-01    5.159632e-11    -1.021185e-11
-1.500000e-01    -9.500000e-01    6.795698e-11    6.852347e-12
-5.000000e-02    -9.500000e-01    2.864839e-11    2.624906e-11
5.000000e-02    -9.500000e-01    -2.873182e-11    2.606957e-11
1.500000e-01    -9.500000e-01    -6.716347e-11    6.926169e-12
2.500000e-01    -9.500000e-01    -5.125432e-11    -1.001847e-11
-4.500000e-01    -8.500000e-01    1.812243e-10    -7.852707e-11
-3.500000e-01    -8.500000e-01    2.834884e-10    -4.313841e-11
-2.500000e-01    -8.500000e-01    2.679527e-10    6.181772e-11
-1.500000e-01    -8.500000e-01    1.831616e-10    1.617690e-10
-5.000000e-02    -8.500000e-01    6.382797e-11    2.203420e-10
5.000000e-02    -8.500000e-01    -6.331180e-11    2.216066e-10
1.500000e-01    -8.500000e-01    -1.831066e-10    1.620015e-10
2.500000e-01    -8.500000e-01    -2.678284e-10    6.200233e-11
3.500000e-01    -8.500000e-01    -2.832954e-10    -4.250685e-11
4.500000e-01    -8.500000e-01    -1.807103e-10    -7.838033e-11
-6.500000e-01    -7.500000e-01    4.190738e-11    -3.576063e-11
-5.500000e-01    -7.500000e-01    3.456339e-10    -1.966011e-10
-4.500000e-01    -7.500000e-01    4.563790e-10    -1.063313e-10
-3.500000e-01    -7.500000e-01    4.236369e-10    8.884423e-11
-2.500000e-01    -7.500000e-01    3.121275e-10    2.798757e-10
-1.500000e-01    -7.500000e-01    1.820603e-10    4.182049e-10
-5.000000e-02    -7.500000e-01    5.736573e-11    4.781962e-10
5.000000e-02    -7.500000e-01    -6.047991e-11    4.788366e-10
1.500000e-01    -7.500000e-01    -1.807028e-10    4.186478e-10
2.500000e-01    -7.500000e-01    -3.116686e-10    2.863252e-10
3.500000e-01    -7.500000e-01    -4.231481e-10    8.924721e-11
4.500000e-01    -7.500000e-01    -4.554359e-10    -1.054149e-10
5.500000e-01    -7.500000e-01    -3.454232e-10    -1.964287e-10
6.500000e-01    -7.500000e-01    -4.188396e-11    -3.566225e-11
-7.500000e-01    -6.500000e-01    4.199495e-11    -4.813452e-11
-6.500000e-01    -6.500000e-01    4.027016e-10    -3.289223e-10
-5.500000e-01    -6.500000e-01    5.375301e-10    -2.313543e-10
-4.500000e-01    -6.500000e-01    4.873368e-10    4.822728e-11
-3.500000e-01    -6.500000e-01    3.286184e-10    3.357029e-10
-2.500000e-01    -6.500000e-01    1.548824e-10    5.277896e-10
-1.500000e-01    -6.500000e-01    4.259202e-11    6.041855e-10
-5.000000e-02    -6.500000e-01    3.302962e-12    6.233051e-10
5.000000e-02    -6.500000e-01    -1.735446e-12    6.199837e-10
1.500000e-01    -6.500000e-01    -4.137184e-11    6.077556e-10
2.500000e-01    -6.500000e-01    -1.575812e-10    5.258152e-10
3.500000e-01    -6.500000e-01    -3.260835e-10    3.358327e-10
4.500000e-01    -6.500000e-01    -4.859151e-10    5.007847e-11
5.500000e-01    -6.500000e-01    -5.360856e-10    -2.313741e-10
6.500000e-01    -6.500000e-01    -4.022132e-10    -3.278004e-10
7.500000e-01    -6.500000e-01    -4.191536e-11    -4.806646e-11
-7.500000e-01    -5.500000e-01    3.454485e-10    -4.139219e-10
-6.500000e-01    -5.500000e-01    5.370144e-10    -4.077836e-10
-5.500000e-01    -5.500000e-01    4.982750e-10    -7.814448e-11
-4.500000e-01    -5.500000e-01    2.874925e-10    3.289645e-10
-3.500000e-01    -5.500000e-01    1.633215e-11    6.122459e-10
-2.500000e-01    -5.500000e-01    -1.738292e-10    6.651852e-10
-1.500000e-01    -5.500000e-01    -2.051263e-10    5.667350e-10
-5.000000e-02    -5.500000e-01    -8.421157e-11    4.641785e-10
5.000000e-02    -5.500000e-01    8.784965e-11    4.627612e-10
1.500000e-01    -5.500000e-01    2.030702e-10    5.678417e-10
2.500000e-01    -5.500000e-01    1.748210e-10    6.686193e-10
3.500000e-01    -5.500000e-01    -1.782655e-11    6.102922e-10
4.500000e-01    -5.500000e-01    -2.843164e-10    3.320173e-10
5.500000e-01    -5.500000e-01    -4.991224e-10    -8.429573e-11
6.500000e-01    -5.500000e-01    -5.352294e-10    -4.064252e-10
7.500000e-01    -5.500000e-01    -3.454971e-10    -4.129493e-10
-8.500000e-01    -4.500000e-01    1.811265e-10    -3.251045e-10
-7.500000e-01    -4.500000e-01    4.555459e-10    -5.924958e-10
-6.500000e-01    -4.500000e-01    4.868552e-10    -3.154359e-10
-5.500000e-01    -4.500000e-01    2.865120e-10    2.130082e-10
-4.500000e-01    -4.500000e-01    -6.100050e-11    6.840023e-10
-3.500000e-01    -4.500000e-01    -3.916588e-10    8.167672e-10
-2.500000e-01    -4.500000e-01    -4.840975e-10    5.753026e-10
-1.500000e-01    -4.500000e-01    -2.989787e-10    2.273892e-10
-5.000000e-02    -4.500000e-01    -7.437682e-11    5.056874e-11
5.000000e-02    -4.500000e-01    7.423394e-11    5.022375e-11
1.500000e-01    -4.500000e-01    2.994129e-10    2.247518e-10
2.500000e-01    -4.500000e-01    4.869041e-10    5.798293e-10
3.500000e-01    -4.500000e-01    3.889953e-10    8.161463e-10
4.500000e-01    -4.500000e-01    6.052747e-11    6.745422e-10
5.500000e-01    -4.500000e-01    -2.848752e-10    2.132342e-10
6.500000e-01    -4.500000e-01    -4.842147e-10    -3.164211e-10
7.500000e-01    -4.500000e-01    -4.545846e-10    -5.924485e-10
8.500000e-01    -4.500000e-01    -1.808635e-10    -3.235879e-10
-8.500000e-01    -3.500000e-01    2.839406e-10    -6.133336e-10
-7.500000e-01    -3.500000e-01    4.205509e-10    -6.164361e-10
-6.500000e-01    -3.500000e-01    3.286779e-10    -9.521156e-11
-5.500000e-01    -3.500000e-01    1.877964e-11    5.924573e-10
-4.500000e-01    -3.500000e-01    -3.912072e-10    1.015401e-09
-3.500000e-01    -3.500000e-01    -5.646111e-10    7.838519e-10
-2.500000e-01    -3.500000e-01    -3.356825e-11    2.559730e-11
2.500000e-01    -3.500000e-01    3.429151e-11    2.615792e-11
3.500000e-01    -3.500000e-01    5.672494e-10    7.846999e-10
4.500000e-01    -3.500000e-01    3.942817e-10    1.018436e-09
5.500000e-01    -3.500000e-01    -1.723331e-11    5.913594e-10
6.500000e-01    -3.500000e-01    -3.281607e-10    -9.638083e-11
7.500000e-01    -3.500000e-01    -4.227958e-10    -6.179358e-10
8.500000e-01    -3.500000e-01    -2.824004e-10    -6.128194e-10
-9.500000e-01    -2.500000e-01    5.160226e-11    -1.915255e-10
-8.500000e-01    -2.500000e-01    2.686669e-10    -7.699233e-10
-7.500000e-01    -2.500000e-01    3.129886e-10    -5.486783e-10
-6.500000e-01    -2.500000e-01    1.534874e-10    1.869600e-10
-5.500000e-01    -2.500000e-01    -1.782301e-10    9.783030e-10
-4.500000e-01    -2.500000e-01    -4.871595e-10    1.186800e-09
-3.500000e-01    -2.500000e-01    -3.399613e-11    4.810951e-11
3.500000e-01    -2.500000e-01    3.409984e-11    4.848495e-11
4.500000e-01    -2.500000e-01    4.886913e-10    1.178721e-09
5.500000e-01    -2.500000e-01    1.750400e-10    9.690951e-10
6.500000e-01    -2.500000e-01    -1.555013e-10    1.758048e-10
7.500000e-01    -2.500000e-01    -3.093547e-10    -5.480835e-10
8.500000e-01    -2.500000e-01    -2.682609e-10    -7.686311e-10
9.500000e-01    -2.500000e-01    -5.124006e-11    -1.911800e-10
-9.500000e-01    -1.500000e-01    6.790882e-11    -4.114973e-10
-8.500000e-01    -1.500000e-01    1.825605e-10    -8.399013e-10
-7.500000e-01    -1.500000e-01    1.811859e-10    -4.486851e-10
-6.500000e-01    -1.500000e-01    4.073464e-11    4.335145e-10
-5.500000e-01    -1.500000e-01    -2.060109e-10    1.263362e-09
-4.500000e-01    -1.500000e-01    -2.979093e-10    1.014007e-09
4.500000e-01    -1.500000e-01    3.028268e-10    1.024479e-09
5.500000e-01    -1.500000e-01    2.072965e-10    1.259916e-09
6.500000e-01    -1.500000e-01    -3.896750e-11    4.401299e-10
7.500000e-01    -1.500000e-01    -1.789588e-10    -4.532595e-10
8.500000e-01    -1.500000e-01    -1.828976e-10    -8.369694e-10
9.500000e-01    -1.500000e-01    -6.779027e-11    -4.102682e-10
-9.500000e-01    -5.000000e-02    2.827532e-11    -5.136692e-10
-8.500000e-01    -5.000000e-02    6.399701e-11    -8.595480e-10
-7.500000e-01    -5.000000e-02    5.411802e-11    -3.808519e-10
-6.500000e-01    -5.000000e-02    1.944953e-12    5.815984e-10
-5.500000e-01    -5.000000e-02    -8.676096e-11    1.396933e-09
-4.500000e-01    -5.000000e-02    -7.190207e-11    7.144113e-10
4.500000e-01    -5.000000e-02    7.052712e-11    7.148802e-10
5.500000e-01    -5.000000e-02    8.358126e-11    1.390897e-09
6.500000e-01    -5.000000e-02    -2.227336e-12    5.873698e-10
7.500000e-01    -5.000000e-02    -5.627228e-11    -3.809096e-10
8.500000e-01    -5.000000e-02    -6.345254e-11    -8.623804e-10
9.500000e-01    -5.000000e-02    -2.854595e-11    -5.122568e-10
-9.500000e-01    5.000000e-02    -2.814631e-11    -5.134499e-10
-8.500000e-01    5.000000e-02    -6.440171e-11    -8.569025e-10
-7.500000e-01    5.000000e-02    -5.608574e-11    -3.797874e-10
-6.500000e-01    5.000000e-02    -9.719777e-13    5.846554e-10
-5.500000e-01    5.000000e-02    8.796271e-11    1.403657e-09
-4.500000e-01    5.000000e-02    7.291802e-11    7.146634e-10
4.500000e-01    5.000000e-02    -7.113802e-11    7.141906e-10
5.500000e-01    5.000000e-02    -8.742046e-11    1.406089e-09
6.500000e-01    5.000000e-02    3.808708e-12    5.911306e-10
7.500000e-01    5.000000e-02    5.637116e-11    -3.814152e-10
8.500000e-01    5.000000e-02    6.377674e-11    -8.578028e-10
9.500000e-01    5.000000e-02    2.854551e-11    -5.125551e-10
-9.500000e-01    1.500000e-01    -6.810038e-11    -4.115953e-10
-8.500000e-01    1.500000e-01    -1.826124e-10    -8.371572e-10
-7.500000e-01    1.500000e-01    -1.796472e-10    -4.491871e-10
-6.500000e-01    1.500000e-01    -4.160362e-11    4.309493e-10
-5.500000e-01    1.500000e-01    2.066494e-10    1.258228e-09
-4.500000e-01    1.500000e-01    3.043975e-10    1.023437e-09
4.500000e-01    1.500000e-01    -3.017584e-10    1.022461e-09
5.500000e-01    1.500000e-01    -2.078251e-10    1.261488e-09
6.500000e-01    1.500000e-01    4.028958e-11    4.339989e-10
7.500000e-01    1.500000e-01    1.817094e-10    -4.490629e-10
8.500000e-01    1.500000e-01    1.827598e-10    -8.384808e-10
9.500000e-01    1.500000e-01    6.744743e-11    -4.105844e-10
-9.500000e-01    2.500000e-01    -5.148266e-11    -1.913028e-10
-8.500000e-01    2.500000e-01    -2.681113e-10    -7.702263e-10
-7.500000e-01    2.500000e-01    -3.118295e-10    -5.483852e-10
-6.500000e-01    2.500000e-01    -1.533086e-10    1.810896e-10
-5.500000e-01    2.500000e-01    1.746136e-10    9.697590e-10
-4.500000e-01    2.500000e-01    4.832634e-10    1.180502e-09
-3.500000e-01    2.500000e-01    3.382567e-11    4.819679e-11
3.500000e-01    2.500000e-01    -3.403646e-11    4.831245e-11
4.500000e-01    2.500000e-01    -4.849440e-10    1.183285e-09
5.500000e-01    2.500000e-01    -1.796215e-10    9.727638e-10
6.500000e-01    2.500000e-01    1.535307e-10    1.834951e-10
7.500000e-01    2.500000e-01    3.119612e-10    -5.527074e-10
8.500000e-01    2.500000e-01    2.680540e-10    -7.678443e-10
9.500000e-01    2.500000e-01    5.127059e-11    -1.913004e-10
-8.500000e-01    3.500000e-01    -2.825155e-10    -6.140695e-10
-7.500000e-01    3.500000e-01    -4.222954e-10    -6.185292e-10
-6.500000e-01    3.500000e-01    -3.290482e-10    -9.538935e-11
-5.500000e-01    3.500000e-01    -1.621116e-11    5.955757e-10
-4.500000e-01    3.500000e-01    3.876633e-10    1.007023e-09
-3.500000e-01    3.500000e-01    5.640589e-10    7.816686e-10
-2.500000e-01    3.500000e-01    3.375533e-11    2.571037e-11
2.500000e-01    3.500000e-01    -3.424565e-11    2.619428e-11
3.500000e-01    3.500000e-01    -5.664131e-10    7.849316e-10
4.500000e-01    3.500000e-01    -3.883530e-10    1.009872e-09
5.500000e-01    3.500000e-01    1.606637e-11    5.942709e-10
6.500000e-01    3.500000e-01    3.280977e-10    -9.949988e-11
7.500000e-01    3.500000e-01    4.223924e-10    -6.201669e-10
8.500000e-01    3.500000e-01    2.833780e-10    -6.140651e-10
-8.500000e-01    4.500000e-01    -1.808018e-10    -3.247359e-10
-7.500000e-01    4.500000e-01    -4.550078e-10    -5.919931e-10
-6.500000e-01    4.500000e-01    -4.862438e-10    -3.153222e-10
-5.500000e-01    4.500000e-01    -2.868326e-10    2.134746e-10
-4.500000e-01    4.500000e-01    5.710800e-11    6.821355e-10
-3.500000e-01    4.500000e-01    3.879461e-10    8.158549e-10
-2.500000e-01    4.500000e-01    4.886742e-10    5.784860e-10
-1.500000e-01    4.500000e-01    2.994781e-10    2.272586e-10
-5.000000e-02    4.500000e-01    7.463053e-11    5.054401e-11
5.000000e-02    4.500000e-01    -7.468587e-11    5.004795e-11
1.500000e-01    4.500000e-01    -2.998342e-10    2.252951e-10
2.500000e-01    4.500000e-01    -4.881271e-10    5.784410e-10
3.500000e-01    4.500000e-01    -3.873135e-10    8.160567e-10
4.500000e-01    4.500000e-01    -6.145777e-11    6.787150e-10
5.500000e-01    4.500000e-01    2.871339e-10    2.110767e-10
6.500000e-01    4.500000e-01    4.817320e-10    -3.174403e-10
7.500000e-01    4.500000e-01    4.546939e-10    -5.925632e-10
8.500000e-01    4.500000e-01    1.806647e-10    -3.244284e-10
-7.500000e-01    5.500000e-01    -3.456865e-10    -4.141852e-10
-6.500000e-01    5.500000e-01    -5.365325e-10    -4.084193e-10
-5.500000e-01    5.500000e-01    -4.985818e-10    -7.683405e-11
-4.500000e-01    5.500000e-01    -2.840638e-10    3.317384e-10
-3.500000e-01    5.500000e-01    -1.954126e-11    6.105549e-10
-2.500000e-01    5.500000e-01    1.750242e-10    6.669327e-10
-1.500000e-01    5.500000e-01    2.050586e-10    5.670568e-10
-5.000000e-02    5.500000e-01    8.423188e-11    4.643978e-10
5.000000e-02    5.500000e-01    -8.793004e-11    4.629276e-10
1.500000e-01    5.500000e-01    -2.030572e-10    5.676079e-10
2.500000e-01    5.500000e-01    -1.748370e-10    6.662785e-10
3.500000e-01    5.500000e-01    1.713110e-11    6.106595e-10
4.500000e-01    5.500000e-01    2.846324e-10    3.330167e-10
5.500000e-01    5.500000e-01    4.973486e-10    -7.551967e-11
6.500000e-01    5.500000e-01    5.371022e-10    -4.124625e-10
7.500000e-01    5.500000e-01    3.458906e-10    -4.128813e-10
-7.500000e-01    6.500000e-01    -4.203477e-11    -4.818029e-11
-6.500000e-01    6.500000e-01    -4.022510e-10    -3.290131e-10
-5.500000e-01    6.500000e-01    -5.373747e-10    -2.309826e-10
-4.500000e-01    6.500000e-01    -4.883377e-10    4.837906e-11
-3.500000e-01    6.500000e-01    -3.274700e-10    3.379674e-10
-2.500000e-01    6.500000e-01    -1.545323e-10    5.289291e-10
-1.500000e-01    6.500000e-01    -4.264212e-11    6.044698e-10
-5.000000e-02    6.500000e-01    -3.100477e-12    6.227660e-10
5.000000e-02    6.500000e-01    1.235330e-12    6.200177e-10
1.500000e-01    6.500000e-01    4.117781e-11    6.066072e-10
2.500000e-01    6.500000e-01    1.575766e-10    5.240495e-10
3.500000e-01    6.500000e-01    3.259648e-10    3.364295e-10
4.500000e-01    6.500000e-01    4.858730e-10    5.075174e-11
5.500000e-01    6.500000e-01    5.371362e-10    -2.296090e-10
6.500000e-01    6.500000e-01    4.024761e-10    -3.284910e-10
7.500000e-01    6.500000e-01    4.189179e-11    -4.807629e-11
-6.500000e-01    7.500000e-01    -4.187035e-11    -3.572903e-11
-5.500000e-01    7.500000e-01    -3.456108e-10    -1.964193e-10
-4.500000e-01    7.500000e-01    -4.562906e-10    -1.060863e-10
-3.500000e-01    7.500000e-01    -4.231962e-10    8.979001e-11
-2.500000e-01    7.500000e-01    -3.116207e-10    2.804769e-10
-1.500000e-01    7.500000e-01    -1.815578e-10    4.190501e-10
-5.000000e-02    7.500000e-01    -5.716663e-11    4.782241e-10
5.000000e-02    7.500000e-01    5.991186e-11    4.793996e-10
1.500000e-01    7.500000e-01    1.802676e-10    4.185955e-10
2.500000e-01    7.500000e-01    3.112854e-10    2.867196e-10
3.500000e-01    7.500000e-01    4.225968e-10    8.946906e-11
4.500000e-01    7.500000e-01    4.551021e-10    -1.051983e-10
5.500000e-01    7.500000e-01    3.455061e-10    -1.960486e-10
6.500000e-01    7.500000e-01    4.194423e-11    -3.574540e-11
-4.500000e-01    8.500000e-01    -1.811039e-10    -7.839245e-11
-3.500000e-01    8.500000e-01    -2.831583e-10    -4.277678e-11
-2.500000e-01    8.500000e-01    -2.674021e-10    6.212669e-11
-1.500000e-01    8.500000e-01    -1.826542e-10    1.621737e-10
-5.000000e-02    8.500000e-01    -6.365184e-11    2.207956e-10
5.000000e-02    8.500000e-01    6.348956e-11    2.226417e-10
1.500000e-01    8.500000e-01    1.829480e-10    1.619657e-10
2.500000e-01    8.500000e-01    2.673832e-10    6.240809e-11
3.500000e-01    8.500000e-01    2.828039e-10    -4.210011e-11
4.500000e-01    8.500000e-01    1.805096e-10    -7.832987e-11
-2.500000e-01    9.500000e-01    -5.146221e-11    -1.013242e-11
-1.500000e-01    9.500000e-01    -6.782043e-11    6.941900e-12
-5.000000e-02    9.500000e-01    -2.854959e-11    2.641684e-11
5.000000e-02    9.500000e-01    2.863013e-11    2.617577e-11
1.500000e-01    9.500000e-01    6.700493e-11    7.030467e-12
2.500000e-01    9.500000e-01    5.118410e-11    -9.956565e-12
